double xx_obs[] = {100 , 100 , 100 , 125 , 150 , 175 , 200 , 225 , 250 , 275 , 300 , 325 , 350 , 375 , 375 , 400 , 400 , 400 , 400 , 400 , 375 , 350 , 325 , 300 , 275 , 250 , 225 , 200 , 175 , 150 , 125 , 100 , 100 , 100 , 125};
double yy_obs[] = {0 , 25 , 50 , 75 , 100 , 125 , 125 , 150 , 175 , 150 , 150 , 150 , 175 , 150 , 125 , 100 , 75 , 50 , 25 , 0 , 0 , 0 , 0 , 0 , 0 , 0 , 0 , 0 , 0 , 0 , 0 , 0 , 25 , 50 , 75};
TGraph* observed = new TGraph(35, xx_obs, yy_obs);

double xx_theoryup[] = {100 , 100 , 100 , 127.5 , 152.5 , 177.5 , 202.5 , 227.5 , 252.5 , 277.5 , 302.5 , 327.5 , 352.5 , 377.5 , 377.5 , 377.5 , 402.5 , 402.5 , 427.5 , 427.5 , 402.5 , 377.5 , 352.5 , 327.5 , 302.5 , 277.5 , 252.5 , 227.5 , 202.5 , 177.5 , 152.5 , 127.5 , 100 , 100 , 100 , 127.5};
double yy_theoryup[] = {0 , 30 , 55 , 80 , 105 , 130 , 155 , 155 , 180 , 155 , 155 , 180 , 180 , 180 , 155 , 130 , 105 , 80 , 55 , 30 , 0 , 0 , 0 , 0 , 0 , 0 , 0 , 0 , 0 , 0 , 0 , 0 , 0 , 30 , 55 , 80};
TGraph* observed_theoryup = new TGraph(36, xx_theoryup, yy_theoryup);

double xx_theorydown[] = {100 , 100 , 100 , 122.5 , 147.5 , 172.5 , 197.5 , 222.5 , 247.5 , 272.5 , 297.5 , 322.5 , 347.5 , 372.5 , 372.5 , 397.5 , 397.5 , 397.5 , 397.5 , 397.5 , 372.5 , 347.5 , 322.5 , 297.5 , 272.5 , 247.5 , 222.5 , 197.5 , 172.5 , 147.5 , 122.5 , 100 , 100 , 100 , 122.5};
double yy_theorydown[] = {0 , 20 , 45 , 70 , 95 , 120 , 120 , 145 , 170 , 145 , 145 , 145 , 145 , 145 , 120 , 95 , 70 , 45 , 20 , 0 , 0 , 0 , 0 , 0 , 0 , 0 , 0 , 0 , 0 , 0 , 0 , 0 , 20 , 45 , 70};
TGraph* observed_theorydown = new TGraph(35, xx_theorydown, yy_theorydown);
