190782 182 183
190782 184 233
190782 234 235
190782 236 399
190782 400 400
190782 401 409
190782 410 472
190782 473 474
190782 475 478
190782 55 181
190895 223 224
190895 64 222
190906 73 82
190906 83 84
190945 124 214
190949 1 168
190949 1131 1132
190949 1133 1134
190949 1135 1139
190949 1140 1142
190949 169 186
190949 187 195
190949 196 209
190949 210 232
190949 233 245
190949 246 780
190949 781 781
190949 782 1130
191043 44 60
191046 1 91
191046 92 93
191056 1 22
191057 1 73
191062 1 538
191062 539 546
191062 547 549
191062 550 553
191086 560 611
191086 612 614
191090 1 324
191090 325 327
191090 328 331
191201 38 49
191201 50 51
191201 52 86
191202 1 68
191202 106 107
191202 108 110
191202 111 114
191202 115 118
191202 86 86
191202 87 105
