190659 33 167
190661 1 1
190661 142 188
190661 189 194
190661 195 272
190661 2 50
190661 273 277
190661 278 341
190661 342 347
190661 348 366
190661 51 52
190661 53 141
190663 1 52
190663 53 57
190663 58 101
190678 104 105
190678 65 77
190678 78 83
190678 84 103
190688 68 249
190702 123 123
190702 124 176
190702 51 122
190703 1 254
190705 1 65
190705 337 337
190705 338 350
190705 351 352
190705 353 423
190705 66 80
190705 81 336
190706 1 135
190706 136 138
190707 1 237
190707 238 238
190707 239 257
190707 258 259
190707 260 332
190708 1 202
190733 390 391
190733 392 471
190733 71 96
190733 97 98
190733 99 389
190736 1 80
190736 188 190
190736 81 82
190736 83 187
190738 1 130
190738 131 132
190738 133 226
190738 227 228
190738 229 239
190738 240 242
190782 182 183
190782 184 233
190782 234 235
190782 236 399
190782 400 400
190782 401 409
190782 410 472
190782 473 474
190782 475 478
190782 55 181
