163238 1 2
163238 8 15
162811 1 340
163078 1 23
161016 2 300
163046 1 133
163046 135 238
163252 60 137
160939 1 123
163234 1 66
163339 1 172
163235 1 461
163069 73 455
163069 466 633
163237 1 213
163233 1 283
162808 1 51
160955 1 130
160955 133 138
160955 140 151
160955 153 154
160955 156 172
160955 175 201
160955 204 206
163270 1 76
163270 79 96
163270 99 475
163270 479 527
163270 529 641
163270 643 688
163270 690 691
163270 693 928
160957 1 953
160956 2 65
160872 1 9
160872 25 35
160872 38 55
160873 1 147
163358 39 63
160871 68 208
160998 2 252
162803 60 131
162803 133 139
162828 1 85
162822 73 307
163232 110 149
162826 1 24
162825 1 184
162909 54 290
160578 6 53
160578 274 400
161008 1 78
160577 254 306
160874 1 51
160874 97 113
163302 1 190
163071 1 161
163333 1 106
163286 112 401
160431 19 218
163369 1 95
163300 1 616
163261 1 6
163261 10 126
160942 1 12
160943 1 54
160940 1 79

