160406 1 124
160405 1 35
160404 15 24
163252 60 157
161107 1 40
161106 1 40
160819 1 17
160819 19 118
161103 1 111
160815 1 95
160894 1 220
160890 1 395
160955 1 228
160954 78 84
160957 1 953
160956 1 73
160898 25 53
162828 1 85
162827 1 144
162826 1 43
162909 54 299
160579 1 181
160578 1 456
160577 14 337
160808 7 80
163308 1 27
163301 1 198
163300 1 623
160888 45 423
162917 122 134
160463 1 46
160462 1 30
163334 1 563
163337 1 476
163332 43 812
163333 1 113
161217 1 788
161216 29 53
163338 1 171
163339 1 188
163233 1 302
163232 110 174
160876 1 17
160877 1 12
160877 79 83
160874 1 132
160875 1 285
160872 1 77
160873 1 201
160871 68 236
160998 1 288
162739 1 35
162739 37 42
160994 44 45
161020 1 22
160454 1 41
160455 1 33
160456 1 106
160450 1 47
163289 1 388
163302 1 253
160907 15 220
161222 1 136
161223 1 409
161156 1 90
163286 112 411
162742 1 85
162742 97 127
163297 1 227
163296 59 603
160449 1 44
161233 33 63
160443 1 21
160442 108 153
160447 1 65
160446 1 55
160445 1 37
160444 1 74
160911 1 301
160913 1 26
160915 1 382
160914 1 75
160916 1 90
163046 1 247
163046 311 313
160853 62 65
161176 1 31
161008 1 285
163072 1 44
163045 51 56
163071 1 194
160432 2 79
160433 1 21
160431 19 244
163269 59 222
163261 1 126
162810 1 40
162811 1 347
161224 1 2
161165 1 100
163078 1 23
161016 1 327
160939 1 148
160938 1 130
160835 1 85
160835 87 496
160835 569 584
161310 39 127
161311 1 704
161312 1 1027
160937 1 209
160936 1 60
160935 33 259
163069 73 648
163270 1 928
162803 60 148
162808 1 63
162929 1 299
162929 358 433
162926 1 714
161116 1 20
161117 1 43
161113 1 45
160827 1 55
160410 1 102
160413 1 788
163255 1 1067
161119 1 350
160497 38 148
160497 152 398
160498 1 70
160499 1 16
160942 1 26
160943 1 54
160940 1 90

