TGraph * observed(){
double xx_obs[] = {100 , 100 , 100 , 125 , 150 , 175 , 200 , 225 , 250 , 275 , 300 , 325 , 350 , 375 , 375 , 375 , 400 , 400 , 375 , 350 , 325 , 300 , 275 , 250 , 225 , 200 , 175 , 150 , 125 , 100 , 100 , 100 , 125};
double yy_obs[] = {0 , 25 , 50 , 75 , 75 , 100 , 125 , 125 , 100 , 125 , 125 , 125 , 100 , 100 , 75 , 50 , 25 , 0 , 0 , 0 , 0 , 0 , 0 , 0 , 0 , 0 , 0 , 0 , 0 , 0 , 25 , 50 , 75};
TGraph* observed = new TGraph(33, xx_obs, yy_obs);
return observed;
}
TGraph * observedup(){
double xx_theoryup[] = {100 , 100 , 100 , 122.764 , 147.764 , 171.464 , 197.764 , 227.236 , 250 , 272.764 , 300 , 327.236 , 352.236 , 378.536 , 380 , 379.472 , 404.642 , 404.16 , 376.213 , 351.213 , 326.213 , 301.213 , 276.213 , 251.213 , 226.213 , 201.213 , 176.213 , 151.213 , 125.981 , 100 , 100 , 100};
double yy_theoryup[] = {0 , 23.7873 , 52.2361 , 79.4721 , 79.4721 , 103.536 , 129.472 , 129.472 , 105 , 129.472 , 130 , 129.472 , 104.472 , 103.536 , 75 , 52.2361 , 26.857 , 0 , 0 , 0 , 0 , 0 , 0 , 0 , 0 , 0 , 0 , 0 , 0 , 0 , 23.7873 , 52.2361};
TGraph* observed_theoryup = new TGraph(32, xx_theoryup, yy_theoryup);
return observed_theoryup;
}
TGraph * observeddown(){
double xx_theorydown[] = {100 , 100 , 100 , 127.236 , 152.236 , 178.536 , 202.236 , 222.764 , 250 , 277.236 , 300 , 322.764 , 347.764 , 371.464 , 370 , 370.528 , 395.358 , 395.84 , 373.787 , 348.787 , 323.787 , 298.787 , 273.787 , 248.787 , 223.787 , 198.787 , 173.787 , 148.787 , 124.019 , 100 , 100 , 100};
double yy_theorydown[] = {0 , 26.2127 , 47.7639 , 70.5279 , 70.5279 , 96.4645 , 120.528 , 120.528 , 95 , 120.528 , 120 , 120.528 , 95.5279 , 96.4645 , 75 , 47.7639 , 23.143 , 0 , 0 , 0 , 0 , 0 , 0 , 0 , 0 , 0 , 0 , 0 , 0 , 0 , 26.2127 , 47.7639};
TGraph* observed_theorydown = new TGraph(32, xx_theorydown, yy_theorydown);
return observed_theorydown;
}