TGraph * observed(){
double xx_obs[] = {100 , 100 , 100 , 125 , 150 , 175 , 200 , 225 , 250 , 275 , 300 , 325 , 350 , 375 , 400 , 400 , 400 , 425 , 425 , 400 , 425 , 400 , 375 , 350 , 325 , 300 , 275 , 250 , 225 , 200 , 175 , 150 , 125 , 100 , 100 , 100 , 125};
double yy_obs[] = {0 , 25 , 50 , 75 , 100 , 125 , 125 , 150 , 150 , 175 , 175 , 175 , 175 , 175 , 150 , 125 , 100 , 75 , 50 , 25 , 0 , 0 , 0 , 0 , 0 , 0 , 0 , 0 , 0 , 0 , 0 , 0 , 0 , 0 , 25 , 50 , 75};
TGraph* observed = new TGraph(37, xx_obs, yy_obs);
return observed;
}
TGraph * observedup(){
double xx_theoryup[] = {100 , 100 , 100 , 121.464 , 146.464 , 172.764 , 197.764 , 222.764 , 247.764 , 272.764 , 300 , 325 , 350 , 377.236 , 404.472 , 405 , 404.472 , 429.472 , 429.472 , 405 , 430 , 401.213 , 376.213 , 351.213 , 326.213 , 301.213 , 276.213 , 251.213 , 226.213 , 201.213 , 176.213 , 151.213 , 125.981 , 100 , 100 , 100};
double yy_theoryup[] = {0 , 23.7873 , 52.2361 , 78.5355 , 103.536 , 129.472 , 129.472 , 154.472 , 154.472 , 179.472 , 180 , 180 , 180 , 179.472 , 152.236 , 125 , 102.236 , 77.2361 , 47.7639 , 25 , 0 , 0 , 0 , 0 , 0 , 0 , 0 , 0 , 0 , 0 , 0 , 0 , 0 , 0 , 23.7873 , 52.2361};
TGraph* observed_theoryup = new TGraph(36, xx_theoryup, yy_theoryup);
return observed_theoryup;
}
TGraph * observeddown(){
double xx_theorydown[] = {100 , 100 , 100 , 128.536 , 153.536 , 177.236 , 202.236 , 227.236 , 252.236 , 277.236 , 300 , 325 , 350 , 372.764 , 395.528 , 395 , 395.528 , 420.528 , 420.528 , 395 , 420 , 398.787 , 373.787 , 348.787 , 323.787 , 298.787 , 273.787 , 248.787 , 223.787 , 198.787 , 173.787 , 148.787 , 124.019 , 100 , 100 , 100};
double yy_theorydown[] = {0 , 26.2127 , 47.7639 , 71.4645 , 96.4645 , 120.528 , 120.528 , 145.528 , 145.528 , 170.528 , 170 , 170 , 170 , 170.528 , 147.764 , 125 , 97.7639 , 72.7639 , 52.2361 , 25 , 0 , 0 , 0 , 0 , 0 , 0 , 0 , 0 , 0 , 0 , 0 , 0 , 0 , 0 , 26.2127 , 47.7639};
TGraph* observed_theorydown = new TGraph(36, xx_theorydown, yy_theorydown);
return observed_theorydown;
}