191718 97 111938411
191718 100 116325693
191718 100 116782663
191718 100 116993574
191718 106 124660989
191718 106 125143985
191718 106 124451820
191718 106 125643282
191718 106 124655480
191718 107 126607112
191718 107 126078984
191718 108 127191646
191718 108 127347538
191718 108 127351992
191718 109 129785768
191718 109 129714295
191718 109 129161698
191718 110 130964321
191718 110 129925606
191718 110 130519596
191718 110 130881354
191718 110 130713473
191718 110 130650906
191718 110 130018910
191718 111 131293599
191718 111 131374846
191718 111 132385950
191718 111 131787276
191718 111 132139338
191718 111 132569930
191718 112 133903241
191718 112 132950588
191718 112 133790780
191718 112 133657514
191718 113 135341046
191718 113 134713615
191718 113 135111411
191718 113 134255330
191718 113 134884526
191718 113 134281115
191718 114 136277900
191718 114 136551584
191718 90 102686726
191718 90 101958180
191718 90 101681853
191718 90 101628202
191718 90 102645642
191718 90 102869386
191718 90 102565671
191718 91 103797154
191718 91 103599128
191718 91 103580341
191718 91 104400274
191718 91 104429582
191718 92 105275809
191718 92 105286744
191718 92 104570197
191718 93 107302584
191718 93 106870329
191718 93 106085479
191718 96 110386514
191718 96 111543290
191718 96 110841913
191718 99 115044132
191718 99 115181316
191718 99 115354876
191718 99 115125865
191718 99 115259953
191718 99 115297569
191718 99 115759833
191718 99 114485104
191718 99 115493818
191718 99 115751315
191718 99 115286277
191718 99 115265017
191718 101 118037747
191718 101 117528192
191718 101 117293429
191718 101 117843471
191718 101 117891959
191718 101 118531769
191718 101 118312291
191718 101 118557275
191718 101 117627028
191718 102 118757283
191718 102 119899710
191718 102 118848882
191718 102 119118228
191718 102 119740590
191718 103 121006434
191718 103 120492549
191718 103 120168355
191718 103 120262516
191718 103 120431476
191718 103 120650701
191718 104 121730678
191718 104 122665478
191718 105 123226393
191718 105 123105948
191718 105 124058519
191718 181 224993855
191718 181 225005974
191718 181 225007827
191718 181 224231263
191718 181 224425628
191718 181 224532701
191718 184 228841603
191718 184 228464948
191718 184 228968514
191718 184 228337889
191718 184 227884769
191718 185 230176279
191718 185 230063465
191718 185 229113982
191718 185 229081425
191718 185 229696646
191718 185 229793338
191718 185 229088507
191718 186 230685460
191718 186 230438392
191718 187 232394796
191718 187 231514816
191718 187 232127681
191718 187 232252343
191718 187 232063695
191718 187 232536721
191718 187 231652883
191718 187 232233635
191718 187 232018808
191718 188 232841227
191718 188 232853471
191718 188 232890680
191718 188 233234335
191718 189 234149426
191718 190 235736269
191718 190 235478129
191718 190 236222644
191718 190 235561688
191718 190 236233772
191718 190 236381612
191718 190 235787406
191718 191 236630159
191718 191 237026704
191718 191 237553063
191718 191 237085745
191718 191 237281649
191718 192 238260817
191718 192 237871062
191718 192 238680501
191718 192 238405262
191718 192 237744532
191718 192 238021300
191718 192 238774834
191718 192 238569336
191718 192 237706380
191718 193 239045803
191718 193 239050595
191718 193 239745803
191718 193 239932363
191718 194 240864897
191718 194 240950593
191718 194 240750357
191718 194 240933938
191718 194 240321456
191718 197 244719228
191718 197 244920692
191718 197 243784197
191718 197 244277527
191718 197 244234416
191718 197 244356866
191718 30 10319741
191718 31 11644209
191718 31 11931974
191718 31 12035958
191718 31 10742404
191718 31 11425596
191718 44 32611370
191718 44 33065183
191718 44 33262689
191718 50 41561732
191718 50 42434044
191718 50 41926049
191718 50 42730609
191718 50 42552552
191718 50 42306852
191718 50 42684900
191718 51 43071605
191718 51 43983652
191718 51 43965500
191718 51 43155611
191718 51 44048562
191718 52 45199282
191718 52 45614678
191718 52 45932703
191718 52 45838485
191718 53 46012262
191718 53 46813350
191718 53 46323689
191718 53 47289433
191718 53 47022631
191718 54 47834076
191718 54 48275084
191718 55 49489890
191718 55 49816375
191718 55 49235970
191718 56 51578167
191718 56 51288352
191718 56 51321368
191718 56 52161096
191718 37 20869597
191718 37 20579007
191718 37 21595559
191718 37 21335570
191718 37 21345200
191718 37 22009060
191718 37 21430629
191718 37 21616437
191718 87 97435958
191718 87 98514661
191718 87 97492210
191718 87 97647438
191718 87 97702237
191718 87 97943639
191718 87 98654527
191718 120 143837514
191718 120 144901198
191718 120 144528125
191718 120 144237625
191718 120 144013476
191718 124 150270638
191718 124 150070857
191718 124 150095571
191718 124 149889956
191718 124 150187244
191718 124 150432516
191718 124 150349634
191718 124 150531038
191718 124 150103588
191718 124 149674631
191718 124 150157719
191718 124 150115999
191718 125 151159433
191718 125 150916171
191718 125 150648994
191718 125 150964637
191718 125 151717093
191718 125 151951413
191718 126 152120871
191718 126 153368259
191718 126 152133510
191718 126 153064125
191718 126 152637771
191718 126 153225849
191718 126 152820528
191718 127 154343752
191718 127 153420500
191718 127 153464081
191718 127 153930733
191718 127 153421207
191718 127 153916203
191718 153 189342783
191718 153 189163801
191718 153 189107531
191718 153 189211014
191718 161 198922568
191718 161 199136715
191718 161 199168529
191718 161 199302070
191718 161 198546676
191718 161 199699420
191718 161 198825181
191718 161 199524124
191718 207 256062705
191718 207 256341024
191718 32 13504676
191718 32 13587243
191718 32 12546937
191718 32 13659961
191718 32 13763465
191718 32 12770627
191718 32 12615842
191718 33 14144600
191718 33 14846659
191718 33 14136998
191718 34 15726137
191718 34 15890882
191718 34 16339945
191718 34 16468952
191718 34 17225344
191718 35 18716530
191718 35 17351989
191718 35 17795937
191718 35 18127153
191718 35 18342201
191718 35 18471921
191718 35 18449385
191718 35 18707237
191718 35 17800894
191718 35 18145134
191718 36 19590522
191718 36 19826393
191718 36 18910854
191718 36 19161638
191718 36 18989896
191718 36 19715073
191718 38 23406287
191718 38 22893098
191718 38 23180798
191718 38 23734278
191718 38 22927610
191718 38 22239920
191718 38 22961756
191718 40 25654653
191718 40 26611662
191718 40 25994745
191718 40 25395623
191718 40 25742736
191718 40 26346703
191718 40 25508474
191718 40 26921075
191718 40 26007969
191718 41 27936538
191718 41 28321210
191718 41 28218355
191718 42 29036976
191718 42 28960256
191718 42 30099299
191718 42 29290889
191718 42 29010513
191718 42 29083364
191718 42 29831591
191718 42 29321782
191718 152 186877923
191718 152 187059244
191718 152 187617046
191718 159 196777559
191718 159 196460377
191718 160 198243026
191718 160 198038959
191718 164 202434751
191718 164 203454783
191718 164 202991691
191718 164 203419445
191718 164 202689790
191718 164 203157206
191718 164 202478517
191718 168 208018634
191718 168 208308940
191718 168 208336228
191718 168 208491284
191718 168 207743574
191718 168 207931414
191718 168 207911301
191718 169 208993482
191718 169 209280197
191718 169 209687311
191718 169 209779476
191718 169 209358056
191718 169 208987827
191718 169 209895355
191718 170 210191765
191718 170 210437824
191718 170 211266911
191718 170 210535812
191718 170 211125675
191718 170 211316810
191718 170 210345121
191718 171 212217986
191718 172 212848153
191718 172 213612966
191718 172 213151826
191718 172 212913647
191718 172 213468583
191718 172 213126876
191718 172 213573427
191718 172 213559685
191718 175 217399817
191718 175 216614969
191718 175 217291194
191718 175 216582028
191718 175 217652376
191718 175 216566382
191718 176 218728609
191718 176 218495839
191718 176 218922346
191718 176 218399645
191718 178 220281980
191718 69 71116700
191718 69 70916274
191718 69 71765994
191718 69 70962809
191718 69 71594252
191718 69 71633612
191718 69 71445119
191718 71 74115571
191718 71 74372308
191718 71 75122055
191718 71 74661340
191718 71 74854142
191718 71 73925653
191718 72 76447101
191718 72 76072422
191718 72 75491142
191718 72 75830510
191718 72 75703936
191718 72 76595408
191718 73 76996669
191718 73 77615800
191718 73 77880131
191718 73 77988435
191718 74 79626554
191718 74 78880686
191718 74 78455527
191718 75 79906998
191718 75 80268181
191718 75 80599671
191718 75 79719981
191718 75 80149312
191718 75 81059384
191718 75 80926236
191718 76 82024660
191718 76 81702948
191718 76 82445849
191718 76 82322171
191718 76 82179154
191718 76 82389378
191718 76 82452072
191718 76 82521769
191718 76 82156009
191718 77 83256809
191718 77 84136041
191718 77 82689328
191718 77 83459312
191718 77 83170520
191718 77 82842605
191718 78 84200580
191718 78 84839449
191718 78 84185660
191718 78 85532916
191718 78 85475582
191718 78 84874682
191718 78 84720412
191718 78 85505907
191718 79 86515333
191718 79 85681092
191718 79 85659034
191718 122 147872977
191718 122 147880912
191718 122 147382355
191718 122 147416563
191718 122 146658951
191718 123 148177585
191718 123 148751372
191718 123 149074962
191718 123 148474166
191718 123 148873422
191718 195 242252654
191718 195 242440046
191718 195 242082579
191718 195 242187051
191718 195 242151533
191718 196 242887434
191718 196 243304549
191718 196 243282249
191718 198 246120499
191718 198 245161740
191718 198 245581884
191718 198 245509951
191718 199 246547580
191718 199 247271682
191718 199 247220966
191718 199 246563345
191718 199 246549678
191718 199 247279549
191718 200 248246631
191718 200 248422607
191718 200 248288402
191718 201 249521432
191718 202 250688836
191718 202 250489374
191718 203 251626610
191718 203 251947014
191718 203 251942004
191718 203 251947340
191718 203 251748880
191718 203 251796520
191718 203 251631824
191718 203 251594681
191718 203 251369186
191718 203 251999092
191718 204 252826436
191718 204 252488304
191718 204 252265517
191718 205 253748996
191718 205 254094735
191718 205 254418249
191718 205 254298962
191718 205 253336363
191718 206 254646512
191718 206 255662992
191718 206 254644406
191718 206 254837118
191718 206 254977737
191718 206 255268818
191718 131 158863151
191718 131 160124311
191718 131 159282477
191718 131 159159660
191718 131 159226281
191718 131 159294367
191718 131 159321239
191718 131 159847598
191718 131 159986696
191718 132 160750705
191718 132 161122055
191718 132 160583634
191718 132 160708149
191718 132 161306243
191718 132 160329330
191718 132 161050074
191718 133 161766028
191718 133 162537240
191718 133 161935725
191718 133 162036978
191718 133 162462610
191718 133 162030537
191718 133 162102235
191718 134 163428781
191718 134 163401361
191718 134 163571523
191718 134 164008283
191718 135 165592823
191718 135 165439657
191718 135 164708980
191718 135 165079555
191718 135 165519682
191718 135 164538368
191718 136 166581400
191718 136 166054045
191718 137 167134600
191718 137 168205583
191718 137 167531305
191718 137 167750329
191718 137 167810201
191718 137 168035570
191718 137 167478854
191718 138 169086256
191718 138 169521744
191718 138 168931348
191718 138 168948003
191718 138 168596771
191718 138 169413799
191718 139 170851091
191718 139 170553469
191718 140 171446823
191718 140 171751059
191718 140 172179289
191718 140 172322599
191718 142 174816111
