191830 54 16125917
191830 144 187266126
191830 144 187853399
191830 144 187684858
191830 159 214176942
191830 159 213873955
191830 159 215037843
191830 159 215397868
191830 159 215258764
191830 168 230474351
191830 168 230507073
191830 168 230470951
191830 168 229650338
191830 168 229865960
191830 168 230208612
191830 168 229632593
191830 168 230435377
191830 227 332569244
191830 227 333772756
191830 227 333351517
191830 227 333133470
191830 227 332886546
191830 227 333318678
191830 264 395022219
191830 264 394123641
191830 264 394974951
191830 264 394265140
191830 273 408854738
191830 273 409569166
191830 273 409033552
191830 273 408950964
191830 273 409118094
191830 275 411667846
191830 275 412161208
191830 277 416277484
191830 277 416138295
191830 110 124358099
191830 110 124781025
191830 110 124770217
191830 110 124785493
191830 110 124274530
191830 126 154953591
191830 126 155376622
191830 126 154671946
191830 204 293047218
191830 204 293941042
191830 204 293575831
191830 204 294169993
191830 204 293186884
191830 204 293084096
191830 204 294227597
191830 234 345294627
191830 234 344055349
191830 234 345580789
191830 234 345608954
191830 234 344666774
191830 238 351305374
191830 239 353572779
191830 239 352971030
191830 239 352617630
191830 239 352467486
191830 239 353479101
191830 239 352561548
191830 242 357445084
191830 243 360483402
191830 243 360616722
191830 243 359667536
191830 243 360021479
191830 249 369968471
191830 249 370273153
191830 249 370243749
191830 363 548509265
191830 365 552574523
191830 365 551687335
191830 365 552248230
191830 365 552631429
191830 365 551904884
191830 366 553693394
191830 367 554518901
191830 367 554155863
191830 367 554373033
191830 367 554710566
191830 367 555356775
191830 368 556606353
191830 369 558542770
191830 369 557630131
191830 369 557314995
191830 369 557707718
191830 369 557191714
191830 369 557919879
191830 370 559098367
191830 370 558674238
191830 371 561218679
191830 371 560474909
191830 371 560594024
191830 375 566276817
191830 375 566476984
191830 375 566995559
191830 376 567427868
191830 376 567893580
191830 376 567942271
191830 376 567912617
191830 376 567921537
191830 382 576452076
191830 382 576476300
191830 63 33368152
191830 63 32243712
191830 65 37021519
191830 65 37650053
191830 65 37048297
191830 65 37062152
191830 66 38684419
191830 66 39512341
191830 66 38774273
191830 66 39307961
191830 66 39305364
191830 66 39888924
191830 66 39100535
191830 66 38984399
191830 66 38496176
191830 67 40617827
191830 67 41684630
191830 68 43822097
191830 68 43938889
191830 68 42854128
191830 68 43494516
191830 68 43604264
191830 68 43836232
191830 69 45956141
191830 69 45048716
191830 69 45942369
191830 69 45598755
191830 69 44195880
191830 69 45497136
191830 70 46277028
191830 70 47818398
191830 70 47058501
191830 70 46722194
191830 70 46801408
191830 71 48362641
191830 71 49915070
191830 71 48157025
191830 71 49999720
191830 129 159756992
191830 135 172343121
191830 135 172343101
191830 135 170794203
191830 135 172212827
191830 135 170748006
191830 137 175982203
191830 137 174305730
191830 137 174623790
191830 137 174379127
191830 137 174350480
191830 137 175876125
191830 139 179136522
191830 140 179943419
191830 141 182615295
191830 141 181602769
191830 149 196781147
191830 149 197517079
191830 149 196944490
191830 216 314857253
191830 216 315076941
191830 216 315212782
191830 237 350460149
191830 276 413583888
191830 276 413284488
191830 289 435132924
191830 294 442764698
191830 294 442307993
191830 294 443275848
191830 294 442158641
191830 294 442515784
191830 295 444134439
191830 295 443723405
191830 295 444458503
191830 295 445115034
191830 295 444712597
191830 297 447305500
191830 297 447425410
191830 297 446809885
191830 297 447163742
191830 297 447924048
191830 302 455612079
191830 302 455170657
191830 302 454691991
191830 302 455636059
191830 304 458166161
191830 304 458903823
191830 304 459266493
191830 304 459115252
191830 304 459324834
191830 309 466718055
191830 309 466133152
191830 309 465702681
191830 309 466514500
191830 312 470872067
191830 312 470886317
191830 312 470841661
191830 312 470842692
191830 312 471108796
191830 313 472114842
191830 313 473174047
191830 313 472291318
191830 313 472969910
191830 313 472114159
191830 390 588560368
191830 390 588081721
191830 390 589014166
191830 390 588194078
191830 390 589152374
191830 146 191618378
191830 146 192276512
191830 146 190872036
191830 146 190825315
191830 147 194031149
191830 147 193870930
191830 147 192524854
191830 147 193896415
191830 147 193058777
191830 148 194977145
191830 148 194707381
191830 148 195561166
191830 148 194492712
191830 148 195159524
191830 150 199555702
191830 150 198940319
191830 150 199322026
191830 151 200632715
191830 151 200111995
191830 151 199655069
191830 151 200386490
191830 151 201302700
191830 153 204015391
191830 153 203862468
191830 153 204240084
191830 156 209908360
191830 156 210301091
191830 156 210127686
191830 158 212465148
191830 158 212083743
191830 158 213001269
191830 175 243606206
191830 175 243554374
191830 175 242573479
191830 175 242489940
191830 252 374204339
191830 291 438585096
191830 291 437598265
191830 291 438497676
191830 292 440046890
191830 292 439249533
191830 292 439582613
191830 292 439118475
191830 293 440739118
191830 293 441596009
191830 293 441512647
191830 293 440439530
191830 293 441556562
191830 293 440759711
191830 293 441644888
191830 296 445331824
191830 296 446665546
191830 296 446256790
191830 298 449726398
191830 299 451368758
191830 299 450372779
191830 299 450451333
191830 300 452800263
191830 300 451957428
191830 300 452225204
191830 300 452626685
191830 301 453961063
191830 301 453808616
191830 301 453186670
191830 301 454494668
191830 303 457298545
191830 303 457515711
191830 303 457573062
191830 303 457290136
191830 303 457519960
191830 305 460146399
191830 305 460152954
191830 305 459965742
191830 305 460270592
191830 305 459985739
191830 338 510881107
191830 338 511034109
191830 338 510747524
191830 55 18059350
191830 55 17725468
191830 55 18211452
191830 55 17023703
191830 55 17407595
191830 55 17634037
191830 56 18692090
191830 56 19271638
191830 56 20098520
191830 56 18926877
191830 56 19548855
191830 57 20479775
191830 57 22017813
191830 58 22664644
191830 58 23374352
191830 58 22554084
191830 59 25873542
191830 59 25622878
191830 59 25792401
191830 59 24671128
191830 60 28127441
191830 60 26509065
191830 61 29337180
191830 61 29736623
191830 61 29531880
191830 62 31725417
191830 62 31259901
191830 62 32035542
191830 91 88599868
191830 91 87693163
191830 91 89368276
191830 91 88009950
191830 93 92620577
191830 93 91991929
191830 93 92178864
191830 93 91920558
191830 93 91992645
191830 94 93528244
191830 94 94639892
191830 94 93623786
191830 94 94719932
191830 99 104154187
191830 99 104716864
191830 99 104216576
191830 99 103658606
191830 223 326004438
191830 225 329363960
191830 225 329310461
191830 225 329884961
191830 228 333926470
191830 228 335398726
191830 228 334062739
191830 228 335452352
191830 228 335557337
191830 231 339423226
191830 231 339838058
191830 232 341925481
191830 232 342003163
191830 232 341810421
191830 229 335634765
191830 229 336380646
191830 229 336929918
191830 229 336865219
191830 229 336465143
191830 229 337118487
191830 229 336270537
191830 347 524223525
191830 347 524909442
191830 347 525318006
191830 347 524859124
191830 347 525573069
191830 347 524223360
191830 347 524770536
191830 347 524184171
191830 356 538234666
191830 356 537743346
191830 356 538494116
191830 356 537907779
191830 356 538397657
191830 356 539154053
191830 357 540041772
191830 357 540331718
191830 357 540190114
191830 357 540052291
191830 357 539410701
191830 361 546258851
191830 361 546561123
191830 361 546407964
191830 361 546045614
191830 361 545415110
191830 361 546118442
191830 362 547606720
191830 362 547558939
191830 362 547081857
191830 362 548081048
191830 362 547165102
191830 362 547387518
191830 372 562173489
191830 372 562303108
191830 373 563312602
191830 373 564270428
191830 373 563626016
191830 373 563844966
191830 373 563255829
191830 374 564912247
191830 374 565146199
191830 374 565225467
191830 374 565405290
191830 374 565717525
191830 380 573653549
191830 380 573736917
191830 380 573438827
191830 380 574693499
191830 380 574295763
191830 380 574632467
191830 380 574579833
191830 380 574607110
191830 383 577694972
191830 383 578958988
191830 383 578511368
191830 383 578640346
191830 383 578608777
191830 383 578804393
191830 73 53163212
191830 73 52235118
191830 73 52667950
191830 73 53480310
191830 73 53931534
191830 73 53199859
191830 73 53066688
191830 104 112862939
191830 104 113801975
191830 118 140542760
191830 118 140181291
191830 128 158249543
191830 128 158100873
191830 131 164560684
191830 131 164761694
191830 131 163605997
191830 131 164524087
191830 134 168688550
191830 134 169385380
191830 138 176190523
191830 138 176753499
191830 138 176545827
191830 138 177876550
191830 138 177747784
191830 196 279513997
191830 196 279359155
191830 196 280434660
191830 196 280302837
191830 196 279282108
191830 196 279085153
191830 224 328169825
191830 224 327309768
191830 74 55654695
191830 74 55526404
191830 74 56023785
191830 74 54629145
191830 74 54415752
191830 74 55018296
191830 84 75413267
191830 101 106865692
191830 101 108021444
191830 101 107128538
191830 101 106909186
191830 101 106844759
191830 130 161433612
191830 130 162194657
191830 130 161910029
191830 130 162594358
191830 200 287632572
191830 200 286672352
191830 211 306369010
191830 211 305815979
191830 211 305530089
191830 211 306065660
191830 214 310726438
191830 214 310443492
191830 214 311315668
191830 214 311739267
191830 214 311434074
191830 214 311274978
191830 214 311242410
191830 215 312344465
191830 215 311879112
191830 215 313303832
191830 226 330691465
191830 226 330649710
191830 226 331153798
191830 161 217699315
191830 161 217669526
191830 161 218629037
191830 162 220077233
191830 162 219985185
191830 162 218975804
191830 162 218820039
191830 164 223010826
191830 164 223696934
191830 164 223046268
191830 164 223415260
191830 165 224743949
191830 165 224262865
191830 166 227139351
191830 166 227659453
191830 166 227418943
191830 174 241618230
191830 174 242133982
191830 176 245021109
191830 177 246876769
191830 177 246279501
191830 177 247188773
191830 221 322418238
191830 221 322416808
191830 221 322518416
191830 255 380584284
191830 105 114420681
191830 105 114656249
191830 105 115211169
191830 105 116248457
191830 106 117639749
191830 106 117540694
191830 106 117835936
191830 106 116698391
191830 108 120636906
191830 109 122539033
191830 109 122433219
191830 109 122872214
191830 109 122149791
191830 109 123678452
191830 113 130526228
191830 113 129808976
191830 113 130020277
191830 113 130671715
191830 117 137734930
191830 117 138206258
191830 117 137371719
191830 117 137628512
191830 119 141118493
191830 119 142461541
191830 119 142708992
191830 120 143006116
191830 120 144644847
191830 120 143294772
191830 120 143909821
191830 120 142842104
191830 240 355562725
191830 240 355698910
191830 240 355725453
191830 72 51886544
191830 82 70556166
191830 82 71669333
191830 82 71192510
191830 89 84344743
191830 89 83645243
191830 89 84645578
191830 89 85086305
191830 111 126105009
191830 114 132049057
191830 114 132106132
191830 114 132373752
191830 114 132443952
191830 115 134819369
191830 115 135207479
191830 115 133650987
191830 115 134526643
191830 115 135216786
191830 116 136848114
191830 116 135796297
191830 116 136973799
191830 191 270494043
191830 191 270536179
191830 191 270960086
191830 191 271715683
191830 172 237733314
191830 172 238032922
191830 172 237491600
191830 172 237363070
191830 172 238040828
191830 180 251392995
191830 180 251846055
191830 180 251701585
191830 180 252438425
191830 180 251585804
191830 180 251106108
191830 181 253397513
191830 181 254035642
191830 181 254570690
191830 181 254298970
191830 182 255433423
191830 182 255930495
191830 182 254937647
191830 182 255803016
191830 183 256467449
191830 183 256888986
191830 183 257679811
191830 185 260086247
191830 185 261547370
191830 185 261318725
191830 185 260166387
191830 185 261657026
191830 185 260472558
191830 187 264863327
191830 187 265034088
191830 187 264462517
191830 187 264039941
191830 188 265834143
191830 188 265233860
191830 189 268660120
191830 189 266936963
191830 189 268132737
191830 212 307250995
191830 212 307971978
191830 212 307974679
191830 314 473731273
191830 315 475049778
191830 315 475239058
191830 315 476459099
191830 315 476444696
191830 315 475767953
191830 318 480889999
191830 318 480409744
191830 320 483564717
191830 320 483786335
191830 320 482850953
191830 320 483042590
191830 320 483857000
191830 321 484534289
191830 321 484816139
191830 321 485585888
191830 321 485029999
191830 321 484453274
191830 321 485517314
191830 321 484473453
191830 321 485431119
191830 324 490359263
191830 324 489427315
191830 326 493319557
191830 326 493172584
191830 332 502502019
191830 332 502145311
191830 332 502621019
191830 332 501939164
191830 332 501672332
191830 343 518680075
191830 343 519156358
191830 345 521893791
191830 345 521535313
191830 345 521911776
191830 345 522514290
191830 345 522189855
191830 345 522390203
191830 345 521830236
191830 100 104949322
191830 100 106116915
191830 102 108998351
191830 102 109373275
191830 102 109868217
191830 102 110267214
191830 102 109851007
191830 102 110435186
191830 123 148931300
191830 123 150067298
191830 123 149700917
191830 123 148568456
191830 123 149967175
191830 230 338700771
191830 230 338588536
191830 230 337790430
191830 235 346015962
191830 235 346461866
191830 235 346224333
191830 235 346006256
191830 235 345778059
191830 235 346216672
191830 235 345730095
191830 235 346355889
191830 241 355820935
191830 241 356924202
191830 244 360762115
191830 244 362363721
191830 244 360840495
191830 244 362189051
191830 244 362269558
191830 244 361992104
191830 329 497168730
191830 329 497578045
191830 329 496977212
191830 329 497703879
191830 330 499744942
191830 330 498828881
191830 330 498877705
191830 330 498784530
191830 330 499272736
191830 330 499772044
191830 330 499270056
191830 331 499967784
191830 331 501130764
191830 333 503032195
191830 333 503067459
191830 333 504003577
191830 333 503296261
191830 333 504263407
191830 334 505122160
191830 335 507310345
191830 335 506410412
191830 335 506488040
191830 335 507021042
191830 335 506480798
191830 336 508199147
191830 336 507959094
191830 337 510020021
191830 337 509482788
191830 337 509953756
191830 337 509292870
191830 339 513018283
191830 339 512065615
191830 339 513126829
191830 339 512856035
191830 340 514800109
191830 340 513701801
191830 378 570990335
191830 378 571227795
191830 378 571203580
191830 378 571162857
191830 378 571095412
191830 274 410047193
191830 274 411391243
191830 274 410714621
191830 274 410207912
191830 274 410745373
191830 379 572613384
191830 379 572974645
191830 379 572278246
191830 381 575686888
191830 381 575949777
191830 384 580559468
191830 384 579612760
191830 384 580325720
191830 385 580681493
191830 385 581330808
191830 385 581203923
191830 386 583156277
191830 386 583126697
191830 387 583795033
191830 387 584263127
191830 387 583534684
191830 387 584127036
191830 387 583785865
191830 387 584397197
191830 387 583643484
191830 387 584883729
191830 388 585214357
191830 388 586338794
191830 388 585033076
191830 388 586232672
191830 388 586367904
191830 389 587822839
191830 389 586457081
191830 389 587595878
191830 389 587502966
191830 389 587485502
191830 391 589908255
191830 391 590534383
191830 391 590527454
191830 391 589960835
191830 391 589678227
191830 391 589389910
191830 391 589393396
191830 391 589669805
191830 391 590780407
191830 391 590178266
191830 391 590661018
191830 392 591859209
191830 392 591641323
191830 92 90849984
191830 92 90436268
191830 92 89430238
191830 92 90734597
191830 92 90733220
191830 152 201853794
191830 152 202225518
191830 152 202363489
191830 154 206582941
191830 154 206013854
191830 154 206112574
191830 154 206422358
191830 154 206364473
191830 154 206749994
191830 154 206492472
191830 154 205559652
191830 155 208597487
191830 155 208171842
191830 155 208134425
191830 157 211686127
191830 157 211026275
191830 157 211766445
191830 157 211498345
191830 160 216402024
191830 160 217180392
191830 160 216097146
191830 160 215750702
191830 160 215817302
191830 160 216315131
191830 163 221426643
191830 163 220648285
191830 167 229272935
191830 167 229177469
191830 167 229279668
191830 167 227924025
191830 167 228651281
191830 167 229527201
191830 167 229110761
191830 167 228897159
191830 167 228322230
191830 167 229252126
191830 167 228694355
191830 207 299001026
191830 207 298093348
191830 207 299533387
191830 207 298939447
191830 178 248497812
191830 178 249232333
191830 178 248145969
191830 178 247779196
191830 179 250485442
191830 179 249379954
191830 179 250759115
191830 179 250522343
191830 184 259715787
191830 184 259051699
191830 184 259265432
191830 184 258919007
191830 184 259270788
191830 184 259294304
191830 184 259824898
191830 186 262409494
191830 186 262676522
191830 186 261851600
191830 186 262561821
191830 186 263326117
191830 195 277631427
191830 195 278319536
191830 195 278666520
191830 195 277265013
191830 195 278271323
191830 195 277656752
191830 195 277609570
191830 199 284441060
191830 201 288551986
191830 201 289283158
191830 201 288919530
191830 201 287816852
191830 201 288722157
191830 203 292187119
191830 203 291792283
191830 203 291977162
191830 245 363206872
191830 80 66826755
191830 80 67592593
191830 80 67583876
191830 80 67933951
191830 80 66797778
191830 80 67760381
191830 80 67741034
191830 95 96442893
191830 95 95248092
191830 95 95355915
191830 96 98387577
191830 96 97658916
191830 98 101522008
191830 98 100982242
191830 98 100998437
191830 98 101621534
191830 103 110900843
191830 103 112482471
191830 103 111635949
191830 103 112437814
191830 103 111782015
191830 103 110898944
191830 103 112149200
191830 103 110796425
191830 103 110792369
191830 218 317678899
191830 218 318383203
191830 218 318550176
191830 219 319607703
191830 219 319936165
191830 220 320470190
191830 220 320742609
191830 220 321623757
191830 222 324989992
191830 222 324932128
191830 222 324354663
191830 222 324613399
191830 222 324874175
191830 222 324090829
191830 222 323965529
191830 75 57419935
191830 75 57286979
191830 75 57895315
191830 97 100309785
191830 97 100813766
191830 97 100477301
191830 97 99837480
191830 97 100674583
191830 145 189991917
191830 145 189535618
191830 145 190530991
191830 145 189114460
191830 256 380989776
191830 256 381754593
191830 257 383193288
191830 257 382867154
191830 257 383288116
191830 257 383032654
191830 259 386484474
191830 259 386511921
191830 259 385764876
191830 259 387175671
191830 259 385794552
191830 259 386329987
191830 262 392117903
191830 262 390510261
191830 262 391167070
191830 267 398866994
191830 267 399250649
191830 267 399655154
191830 267 399781024
191830 267 400045518
191830 270 404273839
191830 270 404721427
191830 270 404667448
191830 270 404195385
191830 272 407771435
191830 272 407886584
191830 272 408158219
191830 272 406893817
191830 122 146803372
191830 122 148451469
191830 122 147365171
191830 124 151934423
191830 124 151597405
191830 124 150868998
191830 124 151194450
191830 124 150414772
191830 127 155681682
191830 127 156668528
191830 127 155586443
191830 236 348448775
191830 236 347573264
191830 236 348637872
191830 236 348502234
191830 251 373018291
191830 251 373714143
191830 251 372806321
191830 251 372394565
191830 253 376493568
191830 253 377317944
191830 254 377790964
191830 323 487799921
191830 323 488035097
191830 323 488227468
191830 364 550345198
191830 377 570258175
191830 79 65198914
191830 79 64248009
191830 79 65687347
191830 79 65714423
191830 83 72612738
191830 83 73014474
191830 85 76666008
191830 86 78795633
191830 87 80791391
191830 87 79948239
191830 87 81483734
191830 88 82439591
191830 88 81877411
191830 88 82179245
191830 88 82783202
191830 208 300100930
191830 208 301271273
191830 208 300660078
191830 209 301816271
191830 217 316287843
191830 76 59277733
191830 76 59732719
191830 77 61534567
191830 77 60669322
191830 77 60141315
191830 77 60789563
191830 78 62572256
191830 78 62110220
191830 78 63124448
191830 81 68502001
191830 81 69584564
191830 81 69566138
191830 81 68247579
191830 81 69247113
191830 90 86375693
191830 121 145394162
191830 121 145504213
191830 210 303542254
191830 210 303492528
191830 210 303323911
191830 213 309170018
191830 213 309813921
191830 213 309256350
191830 213 308415145
191830 213 309843400
191830 250 372004910
191830 250 371557239
191830 250 371296773
191830 278 417565136
191830 278 416638188
191830 278 417092603
191830 278 417556871
191830 278 416622669
191830 280 419905901
191830 280 420943573
191830 280 420668886
191830 280 420317271
191830 282 423434498
191830 282 423122752
191830 283 424678398
191830 284 427122761
191830 284 427067416
191830 284 426615390
191830 284 427013294
191830 285 429144948
191830 285 428274911
191830 285 428328095
191830 285 428808230
191830 285 428123536
191830 285 428301216
191830 285 428556618
191830 286 429932491
191830 286 429990669
191830 286 429804632
191830 286 430378392
191830 287 431271637
191830 287 431875621
191830 287 431839909
191830 287 431509882
191830 287 431090654
191830 287 431322830
191830 287 431477001
191830 288 433540271
191830 288 432486689
191830 290 435864809
191830 290 435717697
191830 341 515165486
191830 341 515513264
191830 341 515995581
191830 342 516771903
191830 342 517786878
191830 342 517629144
191830 342 517846713
191830 342 517878626
191830 342 516657722
191830 342 516844237
191830 342 517695380
191830 344 520275416
191830 344 520839356
191830 344 519753308
191830 344 520006369
191830 346 522989008
191830 346 523567672
191830 346 523305832
191830 348 526641689
191830 348 525914650
191830 348 527173546
191830 348 526936002
191830 348 526494061
191830 348 525922608
191830 348 526089832
191830 348 526595601
191830 348 525798935
191830 348 527187148
191830 348 527021742
191830 348 526275107
191830 349 528575110
191830 352 531724713
191830 352 532245776
191830 352 531925263
191830 352 532482759
191830 352 532833756
191830 352 532580597
191830 353 533737266
191830 353 534237508
191830 354 535064682
191830 354 536211780
191830 354 535814034
191830 354 535551263
191830 359 542851017
191830 107 119048911
191830 107 118722081
191830 107 118933178
191830 132 165608835
191830 132 166403259
191830 132 165109759
191830 133 167135991
191830 133 168289759
191830 133 167094573
191830 133 168568211
191830 142 184316808
191830 142 184863772
191830 142 183628208
191830 142 183835824
191830 142 184692440
191830 142 184029959
191830 142 183643870
191830 142 185071893
191830 169 231681049
191830 170 233603443
191830 170 234038481
191830 170 233225030
191830 171 235058123
191830 173 239829642
191830 173 239946264
191830 173 240187032
191830 173 240262624
191830 173 238962999
191830 173 239101389
191830 173 239633110
191830 173 240032732
191830 194 275585216
191830 194 275805800
191830 194 275699160
191830 136 174088519
191830 136 173876103
191830 136 172675881
191830 136 173652738
191830 258 383941676
191830 258 384418842
191830 258 385407074
191830 260 388232325
191830 260 387642371
191830 260 387574774
191830 260 388223458
191830 261 389627792
191830 261 390412634
191830 261 388996779
191830 261 389396351
191830 263 393352917
191830 263 393237146
191830 263 392472312
191830 263 393468984
191830 263 393051988
191830 265 396703537
191830 265 396015539
191830 265 395861995
191830 265 395452929
191830 266 398483748
191830 266 397888720
191830 266 397935681
191830 266 397545946
191830 268 401810383
191830 269 403430091
191830 269 402846946
191830 269 402749662
191830 269 401994893
191830 269 402835359
191830 271 406211374
191830 271 405493972
191830 271 405434538
191830 271 405208320
191830 306 461102888
191830 306 462299344
191830 306 462297806
191830 306 461164103
191830 306 461793735
191830 306 461871717
191830 306 462330003
191830 306 462232625
191830 306 462173826
191830 307 464102005
191830 307 463433372
191830 308 465263710
191830 308 464962528
191830 308 464438609
191830 308 464350427
191830 308 465460128
191830 308 465538635
191830 308 464828381
191830 308 465254159
191830 308 464823093
191830 310 468155427
191830 310 468380987
191830 310 467271051
191830 310 467893983
191830 310 468403469
191830 311 469689306
191830 311 469104016
191830 311 470296597
191830 316 476930090
191830 316 478079092
191830 316 477360700
191830 316 476779413
191830 316 477686760
191830 317 478319037
191830 317 478454715
191830 317 478844435
191830 317 479407619
191830 317 478606193
191830 317 479635025
191830 319 482522192
191830 319 481709794
191830 319 482058453
191830 319 482674071
191830 325 492091872
191830 325 491831210
191830 327 495190803
191830 327 495142681
191830 328 495581306
191830 328 495906373
191830 143 185398805
191830 143 185891160
191830 143 187064612
191830 143 185394004
191830 143 186568508
191830 143 186937168
191830 143 185412695
191830 190 269124770
191830 190 269061407
191830 190 269343205
191830 192 272551249
191830 192 272497161
191830 192 272989078
191830 193 274498569
191830 193 274896325
191830 193 274166956
191830 193 274735818
191830 197 281244011
191830 197 282449507
191830 197 280971263
191830 198 282612951
191830 205 295589258
191830 205 295803517
191830 206 297838554
191830 206 296981591
191830 206 297803175
191830 206 296525972
191830 206 297036368
191830 206 297200833
191830 247 366972506
191830 247 367373594
191830 247 366328978
191830 247 367015468
191830 247 367281182
191830 247 367109444
191830 247 366766545
191830 247 365893421
191830 64 35630217
191830 64 34108311
191830 64 35275302
191830 112 129108969
191830 112 128001103
191830 112 129376175
191830 248 368190803
191830 248 367531394
191830 279 418817908
191830 279 418636014
191830 279 418726563
191830 281 421996498
191830 281 422367788
191830 281 421724979
191830 281 422664837
191830 281 421577438
191830 322 487388189
191830 322 486086458
191830 322 487127885
191830 350 529998086
191830 350 530094592
191830 351 531306113
191830 358 541475824
191830 358 541430126
191830 358 541909742
191830 393 592660947
