          161739    166841        3
          192963    163657        2
         2474404    163586        4
         3519049    163046        7
         5090401    163289       12
         5614420    173661        6
         5736608    172400        6
         5860579    161223       10
         6278395    163270       11
         7960609    167041       10
         8594694    163757       12
        10746761    172014        9
        11370253    163596       18
        13406462    167103       16
        13673096    172255       10
        13846469    172255       11
        14253084    163586       20
        14278571    163659       19
        14841087    172254       11
        15740972    166163       16
        17391307    163481       30
        17716858    166438       33
        18650216    172868       15
        18955692    172014       14
        20457232    167151       18
        23048292    167282       24
        24824123    172799       24
        24964105    163237       55
        25640457    162822      100
        25692500    160940       51
        26439451    170896       32
        31721722    163286      121
        33934462    163301       65
        35978810    171926       27
        36910192    166890       34
        37561052    166889       34
        38428442    166889       35
        38664156    163758       53
        39065641    171178       37
        39818406    166701       47
        40088398    167830       44
        40290181    166950       42
        40385942    173658       30
        40561113    166161       42
        40644655    163370       61
        40753423    171446       63
        40792950    167098       75
        41109576    170842       35
        41555143    171315       60
        43568619    166346       55
        44499167    166563       43
        44532359    173439       31
        44920003    173381       32
        45256001    171117       45
        45277576    163589       68
        45858530    163663       63
        46719479    173439       32
        46740747    163630      113
        46786190    172999       35
        47588626    167676       54
        48478244    163374       89
        48804967    171091       45
        48899553    167676       55
        48905224    163252       95
        49064830    173243       39
        49418381    167103       54
        49703003    172268       63
        51601699    172254       33
        52552471    171812       61
        52984655    171282       40
        53398314    166563       51
        54564176    170896       63
        55633660    166011       47
        56544417    166966       65
        56765740    172999       42
        57681554    173657       79
        58619613    171812       65
        59124760    163662       78
        59873384    163300      109
        59910063    172951       48
        60893022    172620       68
        61141770    166946       69
        61823043    171446       77
        63515321    171484       85
        63712400    165633       73
        64052383    172399       72
        65544225    166922       49
        65752552    166841       62
        65790047    163589       95
        66475567    167551       76
        66779448    172411      101
        67607394    167041       60
        69028403    165486       65
        69116714    173692       79
        70490655    173381       49
        70783969    163376      144
        70899406    173198       73
        71208771    172286       76
        71882944    163761      110
        72164197    163378      153
        72413784    167786       66
        73686032    166512       80
        75893698    166565       82
        76351500    172952       61
        77587483    162825      178
        78195808    171921       78
        78319993    163662      103
        78499654    171578       96
        78506732    172801       74
        78722128    163668      126
        78863815    172389       68
        79334726    166967       94
        79732008    165993       94
        81881528    171219       87
        82359353    165472       71
        82756084    171274      117
        84385456    166839       86
        84833016    163765      139
        85099568    165567       85
        85346386    173380       95
        85479351    172799       79
        85835867    167675       77
        86202527    166161       73
        86645889    163664      129
        87155329    172802      102
        87164417    163071      160
        87252741    170896      100
        88947705    173241       61
        90693493    167282       90
        91969379    167675       82
        92213918    172822       64
        93256774    171578      109
        95531207    171282       69
        95876888    173198       88
        96237725    163663      137
        97834663    171050      105
        98162993    163296      164
        98880398    165467      103
        99198420    167102       95
       100231594    166408      105
       101535438    171369      106
       102392640    167830      110
       102703004    163758      136
       102708437    167098      128
       102831110    173381       71
       102887891    166346       97
       103638325    166034       97
       104966600    173241       71
       105079106    166514      122
       105451680    166374      100
       106501001    166782       95
       106518816    173659       73
       106621883    163760      151
       106738896    166894      113
       107403277    163588      157
       107480919    172478       96
       108295284    163475      157
       109870307    171219      107
       111256693    172630       78
       111477350    163476      161
       111599401    173659       76
       111925159    171484      119
       113512667    165548       83
       113540139    167807      110
       114065202    167830      122
       114170191    173659       78
       114606477    163663      164
       116157433    170826      112
       116665868    166782      104
       117218507    166380       99
       117720324    165487       92
       118832377    173439       78
       121971143    166150       85
       124008522    166033      102
       124307889    171369      123
       124888251    172286      109
       125275989    167676      137
       127031275    167551      117
       127563024    172868       89
       129102272    166782      115
       130851668    171156      165
       135430074    166034      126
       135880696    166033      109
       139417456    165570      109
       140431887    171315      131
       140621892    167551      126
       140645940    163663      201
       140712492    172268      115
       141593339    172208      120
       142684325    166946      131
       142902160    165993      143
       143206561    165633      127
       143328725    167043      149
       148448080    173236      133
       148660382    166699      157
       149411227    167078      136
       149577334    166380      126
       151321836    166787      165
       151433613    172014       98
       152048988    172999      109
       152582153    172033      119
       152832246    172620      168
       152963398    167746      138
       158145678    167676      173
       159862197    172801      149
       160372492    172949      127
       161761246    170842      133
       163188416    165570      126
       163899972    163371      279
       164809041    172635      109
       164934473    166033      128
       166904074    166859      158
       167318059    172819      139
       168797789    171921      136
       168843225    173692      137
       173015277    163340      345
       174690122    167098      184
       176668038    171178      166
       178931979    172630      118
       179035318    163659      233
       180039518    166895      195
       180723177    167898      195
       181591549    163270      290
       181938237    165567      159
       182127133    173439      119
       183128233    172630      120
       184184742    166034      172
       185314843    173389      146
       185961665    173406      145
       187168104    173381      129
       188734025    166787      206
       188742905    167078      167
       189907163    166033      145
       192545334    163270      308
       195692061    171178      183
       200536820    171926      149
       201234109    172033      157
       201475683    165514      165
       201564741    167673      334
       203458528    172620      225
       203860947    171315      178
       206754275    165548      151
       207519726    167674      169
       209017635    170876      243
       209891094    173430      155
       212147418    165415      194
       212206681    167913      199
       214132186    172799      197
       214746774    171282      154
       215845779    172033      169
       216977214    166923      198
       219404248    167673      347
       220694279    166839      196
       222619693    165633      182
       223601391    166888      204
       225525750    173659      154
       227783765    172411      198
       228443484    163402      347
       228625176    171106      205
       230315375    171156      263
       231519950    172952      186
       235249533    171484      209
       236619419    167284      259
       241940552    166889      205
       242526883    171178      229
       246621914    172949      179
       247930600    171897      237
       250015849    161312      629
       250806001    166563      234
       253335826    160957      475
       254434862    172286      191
       254541241    163758      356
       258276142    166895      282
       258648939    166889      219
       258749247    166049      201
       261248424    170854      253
       266919014    167674      218
       267217400    167674      218
       267756587    173236      212
       267971795    172801      250
       268975664    173659      184
       269116937    170854      260
       269211610    167282      264
       270270889    165514      213
       277376730    166034      258
       283490315    171897      270
       285356139    163402      436
       285373650    173381      198
       286619923    172399      213
       287920166    167281      225
       287985714    171106      259
       290505495    166890      261
       291596107    173241      192
       297811068    165633      235
       299682239    173381      208
       300855972    167746      249
       302569271    172801      283
       304788619    163659      407
       308716339    165548      225
       310760642    161217      352
       311442104    172819      228
       312399650    166784      325
       315279341    166763      286
       315568747    166512      264
       315815326    167807      253
       317024974    172949      222
       318720816    172635      213
       319850571    167281      250
       322042663    172400      234
       329793681    163255      498
       331633561    173389      260
       333370299    167041      296
       333639817    173241      220
       335454886    172389      230
       336502720    173439      221
       337139053    173439      222
       339175710    166923      312
       342134846    165415      295
       342149227    171578      353
       343960468    163255      521
       345639453    165570      258
       348501240    166841      323
       350690082    170826      285
       352149746    163296      562
       353855572    172635      238
       354870592    172949      245
       354968489    167913      335
       355014779    172801      333
       357592257    166950      296
       358808315    171156      359
       359852598    173198      253
       362354997    167674      299
       364056189    166923      336
       366538380    171812      291
       367131432    165993      327
       367866025    166859      315
       371037027    172822      263
       373559122    165467      298
       378115912    170826      306
       381834012    171876      286
       381933920    172791      283
       384024674    172791      285
       385008352    173241      254
       386412900    173692      268
       389404728    166841      360
       390129055    171484      331
       392944113    163817      412
       396082449    163332      584
       397210122    173389      307
       397954202    166512      329
       401582824    172949      276
       406745701    163255      624
       407886097    172868      292
       411124074    165993      364
       414047556    171812      328
       417390999    167675      384
       422436411    166888      355
       425809126    167807      333
       429788310    166864      431
       434286027    167830      430
       434418213    173198      302
       434844253    172411      335
       440158785    171578      438
       440939988    167746      358
       445204886    167913      418
       445545932    166565      489
       448260278    165548      329
       453532569    165570      339
       457544810    166462      441
       457903901    165364      366
       459799985    161217      538
       460871414    172400      339
       469195770    167041      426
       469419360    173241      313
       472232302    166462      455
       473331307    166841      437
       477828375    172865      303
       480894309    171812      373
       481468988    166841      444
       481709513    171050      375
       482432684    173692      330
       483570249    166895      533
       487329055    167830      480
       489678418    167041      445
       491828270    163402      776
       499561506    167281      403
       501951495    166888      421
       502347948    172802      601
       505549268    173198      351
       506335895    166380      440
       506974321    172801      482
       507094623    165514      375
       509972639    171156      478
       512158679    172952      424
       512830553    172822      369
       516223791    165567      413
       519039746    166462      499
       520808975    172791      378
       526354518    166380      458
       529104807    173389      396
       529604710    165467      414
       531368312    173198      368
       533468792    167284      614
       537210790    166512      442
       537611532    166565      594
       544704775    167284      628
       544766333    165993      479
       545314835    171812      417
       546100668    173692      372
       547006091    172949      370
       550480644    165993      484
       553409370    167675      514
       557790220    172822      403
       558976091    167281      455
       560630913    172791      406
       562849821    173389      420
       563462496    172868      412
       564764115    173692      384
       567543641    166565      629
       568125713    161217      679
       569258475    166563      569
       572854779    165415      487
       576606976    172952      481
       578672305    166699      534
       583667220    163255      934
       584545830    171050      454
       588792794    167675      548
       589497352    166699      545
       589754124    165993      519
       590384927    172389      407
       591434272    165472      524
       594208270    173692      406
       596550695    171050      463
       597454916    165514      439
       600832069    172400      450
       601238126    172400      451
       603004807    172868      444
       612071349    161217      738
       612267110    166408      480
       615140757    171050      478
       617592562    166438      539
       617672098    171178      580
       623916716    173241      423
       624389870    173389      463
       625892740    166699      579
       629976693    167284      732
       637442553    163817      685
       643135796    167807      495
       644535239    172949      436
       646605167    166554      541
       646891753    167830      631
       649750115    167807      500
       652574066    166841      607
       662935365    166438      580
       669751594    166049      500
       671632550    165570      506
       673435049    166922      521
       682306882    171876      507
       690339094    173439      445
       695148881    172791      503
       696836062    173439      449
       696893146    172801      674
       698074359    172868      520
       699250787    172822      513
       699457426    165993      617
       699806729    165570      528
       704105725    166049      526
       710812399    165993      627
       714738104    171050      556
       715410185    172400      530
       715758107    173389      529
       720612040    165514      525
       722443972    172822      531
       736176983    172949      500
       740992036    173241      510
       746715696    167675      700
       748316853    166950      635
       752547564    166033      538
       753133939    166565      847
       757257819    165993      671
       758250905    172949      515
       758359569    172822      560
       759460869    167830      738
       766644460    167675      719
       768007909    172801      757
       772238968    172992      550
       775126405    172791      563
       784478128    163817      856
       784493903    167284      922
       788195584    166922      617
       798195582    172952      682
       804825404    167830      781
       805276454    173389      593
       808208605    172992      575
       808249507    167898      668
       808409395    166922      634
       809016276    173241      562
       809480586    166408      636
       810053206    163817      885
       815440040    165570      621
       824196799    171178      785
       826250845    166438      733
       833529990    166841      788
       847879225    165415      736
       848457179    172791      621
       852226287    163817      935
       852297968    173198      600
       854524613    165364      700
       857837624    172801      866
       859493391    166512      718
       861995304    166554      728
       866914659    172949      594
       879852882    173692      605
       880235026    172992      627
       880514463    172949      604
       880553293    167898      726
       888364433    172992      633
       892810209    172801      905
       898590884    173439      579
       901936971    167807      697
       909415179    172400      667
       910749320    173692      628
       914168028    165993      817
       914408657    173198      647
       914564223    171578      870
       918006617    173439      592
       918314773    167675      871
       918978743    172400      674
       925354175    166512      777
       925846014    167807      716
       928099331    172822      684
       937132004    166033      679
       937763113    166950      812
       940712551    167830      914
       945661486    166922      752
       947211905    172868      699
       947874044    166033      687
       948376306    167284     1107
       956638680    165415      833
       963730643    173439      623
       966115516    173198      683
       969047082    173241      687
       971033487    172949      671
       987574816    166408      782
       989584958    173692      686
      1007813925    166033      734
      1010097165    172949      702
      1015714280    172791      739
      1019182062    171578      968
      1020327631    167675      975
      1032956117    167898      853
      1039408935    166950      910
      1041663474    173692      725
      1046040288    166950      916
      1046059116    173198      733
      1049263897    173241      751
      1051562763    167807      819
      1064654488    173692      743
      1064923438    167284     1243
      1071364665    166408      852
      1091089200    172868      803
      1092852091    172822      799
      1093469608    172949      766
      1099519320    173692      770
      1100660407    166380     1009
      1100805828    172868      810
      1110580663    166033      816
      1112439481    166512      950
      1127221112    172791      813
      1132143703    165993     1031
      1133153807    167898      940
      1140835372    172992      826
      1149256309    167830     1122
      1166924410    165993     1066
      1175961704    167898      977
      1189353798    172822      868
      1194318880    166512     1028
      1215776048    173692      861
      1221470416    172868      901
      1222432453    172952     1064
      1231425135    166512     1063
      1233291432    167898     1031
      1235241528    165570      921
      1237830562    166950     1107
      1241694727    172992      906
      1244322055    172868      918
      1256197702    167830     1232
      1276652983    166380     1187
      1277998932    166950     1148
      1289936492    172952     1128
      1296293885    173692      927
      1317107016    172949      943
      1335917802    172868      989
      1346873322    172949      963
      1366247619    166033     1028
      1370040133    165364     1178
      1371374173    172952     1214
      1382687738    173692      986
      1383732407    172868     1028
      1385350153    166033     1044
      1389979581    166512     1219
      1395580344    166033     1053
      1434158527    166033     1086
      1445080557    165415     1219
      1450443637    167807     1166
      1461081019    165993     1375
      1461811684    166408     1196
      1476953904    166512     1310
      1480088603    167807     1194
      1487275732    173692     1059
      1503789984    173692     1071
      1508475712    172791     1085
      1565365045    172952     1409
      1567805158    173692     1117
      1576883173    167898     1356
      1586630581    172791     1143
      1604801267    165993     1534
      1609886178    167807     1314
      1636371679    172952     1481
      1647257871    166512     1488
      1661337747    173692     1185
      1661891670    172949     1186
      1662851248    173692     1186
      1667843592    167807     1369
      1669463172    172822     1233
      1676525370    167807     1378
      1681246663    167898     1455
      1717887861    172822     1273
      1730298006    172791     1255
      1753634318    166512     1602
      1774984062    172822     1319
      1776865001    167807     1475
      1813266740    172791     1320
      1824462082    172822     1360
      1827443894    172868     1396
      1843384863    172868     1410
      1904531945    172868     1464
      1922133378    172791     1408
      1931238977    167807     1624
      1933020260    167898     1697
      1970394202    172868     1522
      2020881966    173692     1458
      2044867610    172822     1546
      2063105712    173692     1492
      2080391661    173692     1506
      2097384295    172822     1592
      2116767630    172791     1572
      2216858351    172822     1698
      2330851899    172868     1850
      2384385634    173692     1760
      2431660210    172822     1895
      2451073429    173692     1818
      2452500649    172822     1915
      2564271889    173692     1920
      2756551445    172822     2185
      3003072318    173692     2331
      3131234952    173692     2450
      3140876616    173692     2460
      3201856528    173692     2518
      3244978645    173692     2560
