   220226379    175866       246
   166328846    175866       183
   421481647    175866       494
   362723673    175866       420
    30686534    175873        21
    20380449    175881        17
   243381213    175886       203
   134393145    175886       111
   117055351    175886        97
    68767035    175886        58
    84996009    175887        79
   122140084    175888       119
    96218321    175888        94
    18788235    175888        20
    43455246    175906        82
    92522675    175906       112
   188370418    175906       168
   413183336    175921       294
   532211738    175921       376
    60577702    175921        79
    73532079    175921        86
   350683299    175973       264
   246475457    175973       181
   216186867    175973       158
     5132462    175975         7
    86085068    175975        82
   116108171    175975       110
   354616672    175975       268
   539137396    175975       373
   176100768    175975       169
    79308723    175976        49
   113611565    176023       104
    71957272    176023        77
    18396477    176163        13
    19147945    176163        14
     2267146    176169         5
    93846595    176169        64
   591018898    176201       371
   392127961    176201       254
   124906735    176201       104
   940586365    176201       591
   703947306    176201       439
   254003470    176201       179
   383148086    176201       249
   228039404    176202       169
   216318600    176202       160
   336225484    176202       252
    10497373    176202        10
   124236423    176202        91
    20848443    176206        20
    62359184    176207        55
    14630753    176207        15
   133139183    176207       113
   255792633    176286       195
   182428120    176286       151
   218146916    176286       174
   175863213    176286       147
   100755518    176286        96
   261665915    176286       199
   294528559    176286       218
    78493383    176289        58
   137963246    176304       138
   746847514    176304       501
   533347066    176304       367
   526622284    176304       363
   325642678    176304       247
   260963220    176304       212
   270271699    176308       202
    10690853    176308        10
    40528413    176308        31
   148144860    176308       109
   341255214    176308       257
   779857968    176309       608
   801947055    176309       622
  2106139660    176309      1423
  2298779650    176309      1549
   522833492    176309       430
   602222007    176309       492
   513532091    176309       423
  1453602207    176309      1018
  2249601167    176309      1516
  1036400639    176309       768
   312803159    176309       265
  1177051976    176309       851
   899278508    176309       689
  2383059065    176309      1606
  2399962174    176309      1617
   686516029    176309       546
  1300245961    176309       926
    15433654    176309        15
   291591778    176309       249
  2370941578    176309      1597
  2306031380    176309      1554
    70813778    176467        49
    45954380    176468        29
   132316307    176468        79
    51135826    176468        32
    55679735    176468        35
   214685473    176547       123
    46135082    176547        34
   298954335    176547       170
   258232024    176547       147
  1754677987    176548       992
   483165628    176548       273
  1354801332    176548       769
   795175484    176548       450
   801212947    176548       453
   394145107    176548       226
   910714144    176548       519
   318728246    176548       181
   321006888    176548       182
   779755934    176548       441
  1491892707    176548       843
  1782476953    176548      1009
   593197228    176548       334
  1546219132    176548       874
   736752654    176548       415
   307682031    176548       175
   468255490    176697       336
    42747536    176701        31
    89549031    176701        60
   564037632    176702       372
   572061491    176702       377
   138015011    176702       100
    13029881    176702        12
   916459098    176702       565
    89394511    176702        65
   101260450    176702        73
   344498849    176702       230
   718678157    176702       459
   698647170    176702       449
  1026097149    176702       626
   381142414    176702       253
   354731923    176702       237
   355267548    176702       237
   152293013    176796        95
    34878962    176797        23
   330150478    176797       209
   268771974    176797       170
   392060450    176799       227
    81140454    176799        50
   185513537    176801       108
   311420549    176801       183
   154222766    176801        90
   260782973    176801       152
    18868025    176801        13
    29183723    176801        19
    25529822    176805        18
   216943986    176807       147
   376811332    176807       258
   334354383    176807       228
    72843437    176807        50
   191658019    176841       174
    36182197    176844        26
    47430671    176844        33
   344136424    176850       192
   523489548    176850       296
     1008471    176850         4
   249879030    176850       138
   536178397    176860       354
   458758177    176860       300
   612654876    176860       407
   366630977    176868       283
   586000503    176868       462
   611134224    176868       483
   522984550    176868       410
   183370700    176868       140
   318325306    176868       244
   153497807    176885       133
   276373982    176885       208
   301107009    176885       223
   234401003    176885       182
   397059148    176886       241
   893463019    176886       541
   433748777    176886       264
   417686560    176886       254
   292457899    176886       179
   132095974    176886        87
   994218784    176886       596
    85188900    176886        58
   385133258    176886       234
   971234992    176886       584
     6185321    176889         6
    40318910    176928        26
   140448294    176928        83
   514177400    176929       316
   147623311    176929        94
   319945593    176929       202
   445895156    176929       275
   741299084    176933       421
   519980845    176933       297
    72540250    176933        48
   545591688    176933       311
   555217206    176933       316
   694468950    176933       394
   276355153    176933       167
   195922514    176933       126
   163359821    176933       109
   217548984    177053       174
   608566282    177053       418
   764148946    177053       514
   392290201    177053       286
   269697732    177053       208
   694851163    177053       471
   549884803    177053       376
  1083184088    177053       683
   238304762    177053       188
   151274085    177074       124
  1085474694    177074       664
   838991491    177074       529
  1217045686    177074       737
   234650029    177074       178
    65971787    177074        71
   460582958    177074       309
   174552585    177095       142
     7052711    177096         7
   169740301    177096       111
    80911797    177096        55
   113331334    177096        76
   115940070    177096        77
   124094910    177096        82
    93960572    177131        91
   112372409    177138       110
   613857152    177139       380
    32351910    177139        22
   400393636    177139       254
   711282891    177139       438
     7827615    177139         8
   848307687    177139       523
   898295037    177139       550
   128605993    177139        78
    54563940    177139        35
   989723474    177139       595
   419711534    177139       267
   914831389    177139       558
   414390000    177140       224
   431653678    177140       233
   752050359    177140       419
   114472835    177140        62
   648553364    177140       357
   500972700    177140       272
   324067878    177140       174
   711875592    177140       396
   791875865    177140       443
   357500143    177140       192
   729039916    177140       406
   201045098    177141       133
   863181382    177141       596
   625707246    177141       423
    78784426    177183        52
   241747901    177183       147
   163416057    177183       105
    11529782    177183        10
   321089474    177183       192
   196167025    177183       122
   949541568    177201       642
   756870663    177201       525
   163619355    177201       143
   202801125    177201       170
   425405302    177201       320
   774244576    177201       535
   148532398    177222       118
   464484828    177222       306
   372008121    177222       246
   474349372    177222       312
   411413582    177319       254
    99634543    177319        61
   137636301    177319        83
   562564889    177319       356
   474470334    177449       323
   134400194    177449       114
    52079997    177449        65
   565849108    177449       378
   552715560    177449       370
   174527231    177449       138
   570677209    177449       381
   224581110    177452       155
    48136127    177452        35
    90058060    177718        92
  1102032310    177718       678
  1105098012    177718       680
  1669581280    177718      1059
   263881054    177718       188
  2353358494    177718      1603
  2354510288    177718      1604
   441139266    177718       286
  1784254016    177718      1142
  1603910765    177718      1013
   665851152    177718       421
  2312365906    177718      1567
   992132627    177718       614
   519736161    177718       332
  2115845918    177718      1400
  1742101618    177718      1111
  2151927231    177718      1430
   113734779    177718       107
   313166150    177718       215
   358113864    177718       240
   465332403    177719       463
   293334073    177719       287
   522996493    177719       524
   532635479    177719       534
    99676563    177719        94
  1733128088    177730      1055
  3037718903    177730      2192
  1438740601    177730       861
  1930669254    177730      1199
   161006007    177730       124
  2879412724    177730      2026
  1601271305    177730       966
  1610162017    177730       972
   110325245    177730        93
  1551528268    177730       933
   260005748    177730       186
  1857384979    177730      1145
  1327882019    177730       792
  1378823026    177730       823
  1939656581    177730      1206
   231642403    177730       168
   414026340    177730       274
   414364608    177730       275
  1242383013    177730       741
  1277804892    177730       762
   785211515    177730       486
   146296630    177730       115
  2571801767    177730      1727
  1554231060    177730       935
  2528613295    177730      1688
  2977127216    177730      2127
   534562904    177730       344
  2114643264    177730      1339
  1526413020    177730       917
   335447683    177730       231
   338198196    177730       233
  1362568999    177730       813
   521535257    177730       336
  1702117554    177730      1034
  1433079204    177730       857
  2128459005    177730      1350
  2383880721    177730      1561
  2396057943    177730      1571
  1051540660    177730       630
   271698599    177782       216
   125905273    177782       132
   301943896    177783       184
   447037584    177783       275
   525897829    177783       319
   276310740    177783       167
   321166808    177783       196
   285096553    177783       173
    21485205    177788        24
    26485649    177789        22
   107045871    177789        78
   458425167    177790       357
   471328024    177790       368
   424744770    177790       329
   672272645    177790       540
   495880738    177790       388
   518691817    177790       408
   680549554    177790       547
   264857972    177790       201
    28233195    177790        24
   294448656    177790       225
    45250075    177791        44
    91800684    177791        92
   605214664    177875       408
   660683397    177875       446
   878717591    177875       579
   306637295    177875       222
   744219500    177875       500
   405553111    177875       281
   328771306    177875       235
   140069095    177875       127
   590267759    177875       398
   115084358    177875       112
   957566084    177878       684
   774980992    177878       536
   371298101    177878       241
  1122554140    177878       824
   842576081    177878       590
  1022663722    177878       738
  1036323987    177878       750
   640511070    177878       433
   724668466    177878       497
   589419360    178098       363
   110829106    178098        73
   831609894    178098       516
  1050338979    178098       645
   989046527    178098       608
   145110619    178098        94
   515725955    178098       318
   519043482    178098       320
   637615615    178098       393
   731578346    178098       454
   979450436    178098       603
   747401710    178098       464
   869345772    178098       537
   871263367    178098       538
   151251072    178099        99
    82578713    178099        55
   430520955    178100       316
  1467319828    178100      1261
  1471770354    178100      1266
   248528538    178100       179
   855418413    178100       670
    81432970    178100        59
   218450648    178100       157
  1455288235    178100      1248
   806362584    178100       627
   380197271    178100       277
   665129132    178100       507
   527986764    178100       393
     4283364    178101         8
   347711705    178110       242
   353538725    178110       246
   481504446    178110       317
   643137939    178110       414
   645247641    178110       415
   581559725    178110       373
   209283345    178110       156
   220174497    178110       163
   879139945    178116       545
   429170346    178116       268
   859192141    178116       532
   250955397    178116       166
   671665834    178116       413
    37718556    178116        27
   578709524    178116       357
   501067507    178116       310
    81950543    178116        55
   323593165    178116       208
   746577763    178116       460
   501973945    178160       331
   432740021    178160       292
   106375223    178160       103
   565797545    178160       369
   617951235    178160       400
   724398235    178160       466
   677294780    178160       436
   474609200    178160       316
   578794515    178160       376
   581910950    178160       378
   172263429    178160       142
   189096765    178162       116
   280392850    178162       169
   100131262    178162        65
   179007864    178162       110
  1112459022    178365       685
   914588953    178365       561
   487536351    178365       302
  1226901537    178365       751
  1230820912    178365       753
   996948727    178365       615
   739614170    178365       449
   170233220    178365       118
   169884287    178365       118
  1521471104    178365       930
  1523245207    178365       931
   849708776    178365       519
   677026392    178365       411
  1049615888    178365       650
   650814310    178365       396
   587668707    178365       359
   138392839    178365       100
  1496769771    178365       915
   932993162    178365       573
   457382551    178365       286
   629189419    178365       383
  1249965349    178365       764
   524337691    178365       323
  1640673395    178365      1007
  1642235957    178365      1008
   119563749    178365        89
   699474601    178367       573
   155199597    178367       113
   427179073    178367       325
   482178977    178367       371
   579051575    178367       454
   319547591    178367       238
   735802803    178367       606
   679677056    178367       546
    54710546    178380        55
    57875818    178380        58
    75631904    178380        76
  1255325834    178421       839
   340086808    178421       269
    42854917    178421        49
   396094301    178421       303
   195105884    178421       170
   276540870    178421       230
   303846248    178421       246
  1347511722    178421       901
   412343757    178421       314
   224710288    178421       191
  1323872569    178421       885
    90308729    178421        88
  1547906669    178421      1041
  1061638509    178421       715
   502957667    178421       371
   757512486    178421       536
    55005266    178421        60
   546359772    178421       399
   926459104    178421       633
   929162034    178421       635
   174062606    178421       154
  1176171417    178421       788
   264638254    178421       221
   620147176    178421       448
  1025995271    178421       693
    31342525    178424        26
   318274129    178424       263
   184390027    178424       149
   793513942    178424       710
   300407316    178479       211
   715109656    178479       444
   875052518    178479       547
   465941293    178479       299
   547217236    178479       345
   761711338    178479       473
  1406349218    178479       866
    55847913    178479        69
   296345334    178479       209
   330502259    178479       226
   684813892    178479       426
  1436379815    178479       884
  1104533332    178479       690
  1171258417    178479       727
   925580511    178479       581
   269922011    178479       195
   182908080    178479       143
  1449041421    178479       892
   595561803    178479       373
   595349884    178479       373
    91381342    178703        73
    63227090    178703        56
   571559717    178708       353
   418499407    178708       253
   333318218    178708       200
   506491331    178708       310
   508118800    178708       311
   199253073    178708       116
     3504063    178708         6
    11225381    178708        10
   569300619    178708       351
   144644681    178708        85
   214936241    178712       124
   622225576    178712       374
   541065129    178712       322
   402682119    178712       235
   454423044    178712       267
   358372398    178712       208
   570963980    178712       341
    32555606    178731        27
    16564232    178738        16
   164698950    178738       136
   144162659    178738       119
    40502397    178738        35
   279678147    178786       198
   281800519    178786       199
   643939174    178803       389
   524290952    178803       319
   527067884    178803       321
   501811501    178803       307
   476311286    178803       293
   486738538    178803       298
    68190593    178803        68
   114882239    178803        94
   269199717    178803       182
   592795901    178803       359
   458271140    178840       287
   932745886    178840       566
    60241049    178840        63
   285157097    178840       196
   829380580    178840       502
   819851920    178840       496
   321012889    178840       215
    80035474    178840        74
    44766142    178854        32
   188621198    178854       116
   290363007    178866       171
   125740581    178866        74
   393987942    178866       234
   543990983    178866       329
   238988875    178866       140
   630713557    178871       462
   195370655    178871       137
   203728758    178871       142
   808828533    178871       606
  1045401734    178871       809
  1449439258    178871      1188
  1069618420    178871       831
   986966479    178871       758
   511165441    178871       369
   105316274    178871        74
  1145317803    178871       899
    26393467    178871        20
   895019953    178871       679
   289838594    178871       204
  1315277922    178871      1058
  1314845283    178871      1058
   588330282    178871       429
   344769577    178871       244
   372685730    178871       265
   402003537    178871       286
   303706859    178920       205
   264481401    178920       181
   366921055    178920       236
   190622205    178920       138
    39099134    178920        54
    60636494    178920        66
   658215134    178970       397
   162492855    178970       126
   387026863    178970       245
   403013791    178970       253
   742236200    178970       448
    60356429    178970        68
    61567123    179411        41
   133788223    179411        92
   884194135    179434       527
   465379326    179434       265
  1082314774    179434       647
   645020273    179434       373
   691762400    179434       402
   168529788    179434       101
   939727153    179434       567
  1233253579    179434       733
   618896355    179434       357
   839095271    179434       497
  1247915674    179434       742
  1067904458    179434       639
   152370613    179434        93
  1047551492    179434       627
  1305708028    179452       927
   170502514    179452       116
   650467171    179452       431
   933952439    179452       636
   253939257    179452       169
  1603342733    179452      1181
   502446166    179452       330
  1616462154    179452      1193
   121626346    179452        77
    76514152    179452        50
   418559425    179452       274
    33694719    179452        24
    95368596    179476        89
    58171224    179476        55
   150177255    179497       128
   522054498    179497       354
   453685998    179497       314
   180572826    179497       149
   124630729    179497       110
   229894176    179497       183
   121087031    179497       107
   180152250    179547       139
   247049006    179547       181
   329124073    179547       230
   228028229    179558       129
    61914136    179558        37
   219306129    179558       124
   168872237    179558        96
   199216646    179558       113
  1439368502    179563       891
  1286443513    179563       791
   864356935    179563       526
  1546262548    179563       964
  1565684998    179563       979
   725581430    179563       447
  1789291677    179563      1136
  1530733640    179563       953
   780027653    179563       477
   992746205    179563       607
  1141082557    179563       699
  1408778259    179563       871
   204161093    179563       126
  1103750777    179563       676
   955980860    179563       585
  1644877235    179563      1034
  1649546614    179563      1037
  1186956384    179563       727
   830173285    179563       506
  1000721101    179563       611
  1844992131    179563      1177
   762457808    179889       450
    71667471    179889        73
   681173894    179889       403
    86675706    179889        81
   823698546    179889       486
   795326896    179889       469
   321885466    179889       210
   602165515    179889       358
   537165217    179889       322
   634700781    179889       376
   140243879    179889       111
   144822272    179889       114
   586437925    179889       349
    88632184    179959        81
   174208763    179977       123
   142852976    179977       103
   149510142    179977       106
    44048859    179977        47
     8550612    180076         9
    21404101    180076        16
   498885052    180076       297
   356700305    180076       202
   162973853    180093       111
    85985370    180093        61
    67530122    180241        68
   141291944    180241       107
   359636838    180241       217
    54802694    180241        61
   189288340    180241       136
   378928086    180241       227
   314018536    180250       178
   366295154    180250       209
   193999366    180250       111
   403009174    180250       231
    49361034    180250        30
   700146352    180250       383
    34089732    180250        22
   546362759    180250       303
   741218990    180250       405
   207289782    180250       118
   243906630    180250       138
    58596165    180250        35
   640968434    180250       352
   388634896    180250       222
