     329793681    163255       498
     304788619    163659       407
     406745701    163255       624
      11370253    163596        18
     583667220    163255       934
        192963    163657         2
     250015849    161312       629
      86645889    163664       129
     784478128    163817       856
      47488965    163760        68
     111477350    163476       161
      14253084    163586        20
     810053206    163817       885
       7755912    163586        12
     106621883    163760       151
     637442553    163817       685
      40644655    163370        61
     396082449    163332       584
      78319993    163662       103
     192545334    163270       308
     491828270    163402       776
      78722128    163668       126
     253335826    160957       475
     290167664    163332       428
     114606477    163663       164
      22108509    163358        57
      71882944    163761       110
     140645940    163663       201
      59873384    163300       109
      59124760    163662        78
      45277576    163589        68
     402502483    163332       594
     130140875    163374       240
      70783969    163376       144
     181591549    163270       290
     173015277    163340       345
     492546712    163332       735
     102703004    163758       136
       5090401    163289        12
      96237725    163663       137
      72164197    163378       153
      31721722    163286       121
       6278395    163270        11
      17391307    163481        30
      65790047    163589        95
      33934462    163301        65
     568125713    161217       679
     310760642    161217       352
     459799985    161217       538
      87164417    163071       160
     107403277    163588       157
     137209334    163817       157
      24964105    163237        55
       5860579    161223        10
      25692500    160940        51
      98162993    163296       164
     108295284    163475       157
     352149746    163296       562
       8594694    163757        12
     228443484    163402       347
      14278571    163659        19
     392944113    163817       412
     163899972    163371       279
      77587483    162825       178
      48478244    163374        89
      48905224    163252        95
     343960468    163255       521
      25640457    162822       100
      84833016    163765       139
      86434457    163765       141
       3519049    163046         7
      76431368    163069       171
     612071349    161217       738
     179035318    163659       233
     854524613    165364       700
    1370040133    165364      1178
     457903901    165364       366
     572854779    165415       487
     212147418    165415       194
    1445080557    165415      1219
     847879225    165415       736
     956638680    165415       833
     529604710    165467       414
     373559122    165467       298
      98880398    165467       103
      82359353    165472        71
      69028403    165486        65
     117720324    165487        92
     201475683    165514       165
     507094623    165514       375
     270270889    165514       213
     597454916    165514       439
     720612040    165514       525
     308716339    165548       225
     206754275    165548       151
     113512667    165548        83
     448260278    165548       329
     516223791    165567       413
      85099568    165567        85
     181938237    165567       159
     363451489    165567       292
     815440040    165570       621
    1235241528    165570       921
     139417456    165570       109
     163188416    165570       126
     345639453    165570       258
     671632550    165570       506
     699806729    165570       528
     297811068    165633       235
      63712400    165633        73
     143206561    165633       127
     222619693    165633       182
     699457426    165993       617
     710812399    165993       627
      79732008    165993        94
    1604801267    165993      1534
     544766333    165993       479
     914168028    165993       817
     757257819    165993       671
     142902160    165993       143
    1461081019    165993      1375
     367131432    165993       327
    1166924410    165993      1066
     589754124    165993       519
      55633660    166011        47
     164934473    166033       128
     189907163    166033       145
     937132004    166033       679
     947874044    166033       687
    1434158527    166033      1086
     638483319    166033       454
     135880696    166033       109
    1110580663    166033       816
    1385350153    166033      1044
    1007813925    166033       734
    1366247619    166033      1028
     752547564    166033       538
     277376730    166034       258
     184184742    166034       172
     103638325    166034        97
     135430074    166034       126
      33799934    166034        33
     669751594    166049       500
     704105725    166049       526
     795115395    166049       598
      93267854    166150        65
     121971143    166150        85
      86202527    166161        73
      40561113    166161        42
      15740972    166163        16
      43568619    166346        55
     102887891    166346        97
     105451680    166374       100
    1276652983    166380      1187
     117218507    166380        99
     129649350    166380       110
     526354518    166380       458
    1100660407    166380      1009
     149577334    166380       126
      67819398    166380        58
      55918399    166408        74
     849168474    166408       668
     556775533    166408       437
     100231594    166408       105
    1461811684    166408      1196
     612267110    166408       480
     662935365    166438       580
     302905779    166438       263
      17716858    166438        33
     826250845    166438       733
     617592562    166438       539
     472232302    166462       455
     519039746    166462       499
     457544810    166462       441
    1520123298    166512      1354
     397954202    166512       329
      73686032    166512        80
     220405628    166512       190
     537210790    166512       442
     859493391    166512       718
     315568747    166512       264
    1389979581    166512      1219
    1753634318    166512      1602
    1112439481    166512       950
     925354175    166512       777
    1231425135    166512      1063
    1194318880    166512      1028
    1476953904    166512      1310
     346521885    166514       407
     105079106    166514       122
     548951272    166554       459
     861995304    166554       728
     646605167    166554       541
     547441633    166563       547
     569258475    166563       569
     250806001    166563       234
      44499167    166563        43
      53398314    166563        51
     567543641    166565       629
     537611532    166565       594
      75893698    166565        82
     445545932    166565       489
     625892740    166699       579
     148660382    166699       157
     344851718    166699       323
     578672305    166699       534
     589497352    166699       545
      39818406    166701        47
     106501001    166782        95
     116665868    166782       104
     129102272    166782       115
     151321836    166787       165
     188734025    166787       206
      84385456    166839        86
     293064346    166839       257
     220694279    166839       196
     129556010    166839       122
     481468988    166841       444
        161739    166841         3
      65752552    166841        62
     833529990    166841       788
     389404728    166841       360
     348501240    166841       323
     166904074    166859       158
     367866025    166859       315
     429788310    166864       431
     219369058    166864       207
     501951495    166888       421
     422436411    166888       355
      38428442    166889        35
     241940552    166889       205
      37561052    166889        34
     258648939    166889       219
     290505495    166890       261
      36910192    166890        34
      77839583    166894        83
     106738896    166894       113
     258276142    166895       282
     483570249    166895       533
     180039518    166895       195
      65544225    166922        49
     364056189    166923       336
     216977214    166923       198
     339175710    166923       312
     142684325    166946       131
    1039408935    166950       910
     234987250    166950       196
     748316853    166950       635
     357592257    166950       296
      40290181    166950        42
    1046040288    166950       916
     937763113    166950       812
    1277998932    166950      1148
      56544417    166966        65
      79334726    166967        94
     333370299    167041       296
     346303099    167041       308
     618129758    167041       569
     469195770    167041       426
       7960609    167041        10
     489678418    167041       445
     149411227    167078       136
     188742905    167078       167
     102708437    167098       128
     174690122    167098       184
      40792950    167098        75
     347601454    167102       335
      99198420    167102        95
      49418381    167103        54
      13406462    167103        16
      20457232    167151        18
     319850571    167281       250
     287920166    167281       225
     499561506    167281       403
     458469506    167281       368
     558976091    167281       455
      90693493    167282        90
      23048292    167282        24
     269211610    167282       264
     533468792    167284       614
     236619419    167284       259
    1319819372    167284      1553
    1064923438    167284      1243
     544704775    167284       628
     948376306    167284      1107
     784493903    167284       922
     629976693    167284       732
     127031275    167551       117
     140621892    167551       126
     201564741    167673       334
     266919014    167674       218
     267217400    167674       218
     207519726    167674       169
     362354997    167674       299
     766644460    167675       719
      91969379    167675        82
     746715696    167675       700
     553409370    167675       514
     588792794    167675       548
      85835867    167675        77
     417390999    167675       384
     158145678    167676       173
      47588626    167676        54
      48899553    167676        55
     125275989    167676       137
     240724606    167746       203
     300855972    167746       249
     440939988    167746       358
     152963398    167746       138
      72413784    167786        66
    1051562763    167807       819
     643135796    167807       495
    1776865001    167807      1475
    1931238977    167807      1624
    1450443637    167807      1166
    1676525370    167807      1378
    1480088603    167807      1194
     901936971    167807       697
     649750115    167807       500
    1667843592    167807      1369
     425809126    167807       333
     113540139    167807       110
    1609886178    167807      1314
     646891753    167830       631
    1149256309    167830      1122
     487329055    167830       480
     114065202    167830       122
    1256197702    167830      1232
     102392640    167830       110
     940712551    167830       914
     805691075    167830       782
      18163814    167830        22
     434286027    167830       430
     759460869    167830       738
    1133153807    167898       940
    1018544064    167898       841
    1681246663    167898      1455
    1576883173    167898      1356
     880553293    167898       726
    1175961704    167898       977
    1233291432    167898      1031
     180723177    167898       195
    1602019112    167898      1380
    1933020260    167898      1697
    1032956117    167898       853
     267560813    167913       251
     445204886    167913       418
     335454886    172389       230
     140712492    172268       115
      49703003    172268        63
     247930600    171897       237
      26439451    170896        32
     141593339    172208       120
      14841087    172254        11
      54564176    170896        63
    1019182062    171578       968
       5736608    172400         6
     168797789    171921       136
     107176172    170901       131
     600832069    172400       450
     601238126    172400       451
      93256774    171578       109
     195692061    171178       183
     109870307    171219       107
     230315375    171156       263
     342149227    171578       353
     440158785    171578       438
     682306882    171876       507
      95531207    171282        69
     481709513    171050       375
     509972639    171156       478
     472964734    172400       348
      58619613    171812        65
     114519425    171921       101
     714738104    171050       556
      63515321    171484        85
      64052383    172399        72
     366538380    171812       291
     414047556    171812       328
     151433613    172014        98
     152582153    172033       119
     914564223    171578       870
     269116937    170854       260
     596550695    171050       463
     228625176    171106       205
      48804967    171091        45
     203860947    171315       178
     286619923    172399       213
     200536820    171926       149
     635998244    171578       616
      78863815    172389        68
     201234109    172033       157
     215845779    172033       169
     176668038    171178       166
     480894309    171812       373
      35978810    171926        27
     322042663    172400       234
      87252741    170896       100
     261248424    170854       253
     390129055    171484       331
      81881528    171219        87
     116157433    170826       112
      10746761    172014         9
      18955692    172014        14
      51601699    172254        33
     615140757    171050       478
      13846469    172255        11
      45256001    171117        45
     124307889    171369       123
     111925159    171484       119
      78195808    171921        78
      61823043    171446        77
     209017635    170876       243
     140431887    171315       131
     254434862    172286       191
     214746774    171282       154
     107480919    172478        96
     168825491    171876       119
     242526883    171178       229
     163054803    170842       134
     378115912    170826       306
     130851668    171156       165
     591889922    171156       546
     545314835    171812       417
     358808315    171156       359
      71208771    172286        76
      52984655    171282        40
      66779448    172411       101
     287985714    171106       259
     381547908    172163       255
     227783765    172411       198
     283490315    171897       270
      39065641    171178        37
     101535438    171369       106
     203458528    172620       225
     111256693    172630        78
     178931979    172630       118
     183128233    172630       120
     231904491    172630       150
     346475780    172635       233
     353855572    172635       238
     164809041    172635       109
     318720816    172635       213
     355886995    172635       239
    1922133378    172791      1408
    2116767630    172791      1572
     479824354    172791       349
    1730298006    172791      1255
     848457179    172791       621
    1127221112    172791       813
    1136277967    172791       819
    1508475712    172791      1085
     381933920    172791       283
     384024674    172791       285
    1015714280    172791       739
    1813266740    172791      1320
     695148881    172791       503
     775126405    172791       563
     918034110    172791       675
     560630913    172791       406
    1586630581    172791      1143
     214132186    172799       197
      85479351    172799        79
      24824123    172799        24
     506974321    172801       482
     768007909    172801       757
     159862197    172801       149
     267971795    172801       250
     302569271    172801       283
     961174632    172801       986
     355014779    172801       333
     857837624    172801       866
     892810209    172801       905
     696893146    172801       674
      78506732    172801        74
      87155329    172802       102
     311442104    172819       228
     167318059    172819       139
    1774984062    172822      1319
    2351246071    172822      1820
    2216858351    172822      1698
    2227304083    172822      1708
    2044867610    172822      1546
     344890627    172822       244
    1092852091    172822       799
     699250787    172822       513
    1717887861    172822      1273
    1189353798    172822       868
     928099331    172822       684
    2431660210    172822      1895
    2452500649    172822      1915
      92213918    172822        64
     557790220    172822       403
    2756551445    172822      2185
    1824462082    172822      1360
     512830553    172822       369
     804837019    172822       598
    1669463172    172822      1233
     722443972    172822       531
     371037027    172822       263
     562113949    172865       356
     477828375    172865       303
     127563024    172868        89
    1904531945    172868      1464
    1970394202    172868      1522
     427025116    172868       306
    2330851899    172868      1850
    1827443894    172868      1396
    1221470416    172868       901
    1244322055    172868       918
    1843384863    172868      1410
    1693325195    172868      1282
    1383732407    172868      1028
    1335917802    172868       989
     640216929    172868       473
     947211905    172868       699
     698074359    172868       520
      18650216    172868        15
    1091089200    172868       803
    1100805828    172868       810
     603004807    172868       444
     547006091    172949       370
     736176983    172949       500
     354870592    172949       245
    1010097165    172949       702
     160372492    172949       127
    1093469608    172949       766
     401582824    172949       276
     317024974    172949       222
    1317107016    172949       943
     866914659    172949       594
     881446035    172949       604
     880514463    172949       604
     246621914    172949       179
    1346873322    172949       963
     971033487    172949       671
     644535239    172949       436
     758250905    172949       515
      59910063    172951        48
    1565365045    172952      1409
    1636371679    172952      1481
    1222432453    172952      1064
    1268534093    172952      1108
     798195582    172952       682
     512158679    172952       424
    1072854185    172952       925
     576606976    172952       481
    1371374173    172952      1214
     231519950    172952       186
      76351500    172952        61
     772238968    172992       550
    1140835372    172992       826
     880235026    172992       627
     888364433    172992       633
     808208605    172992       575
    1241694727    172992       906
      46786190    172999        35
      56765740    172999        42
     152048988    172999       109
     531368312    173198       368
     966115516    173198       683
     831640134    173198       585
     359852598    173198       253
     852297968    173198       600
     434418213    173198       302
     914408657    173198       647
    1016265249    173198       714
      95876888    173198        88
    1046059116    173198       733
     267756587    173236       212
     245024065    173236       197
     148448080    173236       133
     623916716    173241       423
     104966600    173241        71
     385008352    173241       254
     809016276    173241       562
    1049263897    173241       751
     291596107    173241       192
     740992036    173241       510
      49064830    173243        39
      85346386    173380        95
      70490655    173381        49
     102831110    173381        71
     285373650    173381       198
     299682239    173381       208
     187168104    173381       129
      44920003    173381        32
     805276454    173389       593
     715758107    173389       529
     185314843    173389       146
     624389870    173389       463
     529104807    173389       396
     397210122    173389       307
     562849821    173389       420
     331633561    173389       260
     185961665    173406       145
     209891094    173430       155
     696836062    173439       449
     182127133    173439       119
     690339094    173439       445
     963730643    173439       623
     898590884    173439       579
    1071855751    173439       698
     709072207    173439       457
      44532359    173439        31
      46719479    173439        32
     118832377    173439        78
     918006617    173439       592
      57681554    173657        79
      40385942    173658        30
     268975664    173659       184
     111599401    173659        76
      16126185    173659        13
     114170191    173659        78
     225525750    173659       154
       5614420    173661         6
     879852882    173692       605
     386412900    173692       268
     795515178    173692       545
    2080391661    173692      1506
     989584958    173692       686
    3201856528    173692      2518
     546100668    173692       372
     564764115    173692       384
    3131234952    173692      2450
    3140876616    173692      2460
    2451073429    173692      1818
     910749320    173692       628
     594208270    173692       406
    2063105712    173692      1492
    1099519320    173692       770
    1382687738    173692       986
    3244978645    173692      2560
    3003072318    173692      2331
     482432684    173692       330
    1487275732    173692      1059
    1503789984    173692      1071
    1064654488    173692       743
     168843225    173692       137
    1296293885    173692       927
    2020881966    173692      1458
    2384385634    173692      1760
    1661337747    173692      1185
    1662851248    173692      1186
    1041663474    173692       725
