          329793681     163255       498
          304788619     163659       407
          406745701     163255       624
           11370253     163596        18
          583667220     163255       934
             192963     163657         2
          289788152     161311       619
           38664156     163758        53
          250015849     161312       629
           40790876     163478        64
          122844953     163758       163
           86645889     163664       129
          784478128     163817       856
           47488965     163760        68
          111477350     163476       161
           14253084     163586        20
           34021561     163476        49
            6760418     163371        12
            4936324     163479         9
          149022931     163759       222
            2474404     163586         4
          810053206     163817       885
            7755912     163586        12
           38381303     163796        40
          106621883     163760       151
          852226287     163817       935
          636520980     163817       684
          637442553     163817       685
           40644655     163370        61
          396082449     163332       584
          161420558     163663       233
           78319993     163662       103
           95089750     163289       221
          192545334     163270       308
           10559078     163301        21
          453850381     163402       711
          182453425     163332       275
           66601631     163583        86
          491828270     163402       776
           78722128     163668       126
           73680907     163337       139
          254541241     163758       356
           35289692     163583        46
          455329100     163270       773
          253335826     160957       475
          290167664     163332       428
          114606477     163663       164
           22108509     163358        57
           46740747     163630       113
          300534367     160957       570
           71882944     163761       110
          140645940     163663       201
           59873384     163300       109
           59124760     163662        78
           45277576     163589        68
            1811299     163334         4
          106478807     163480       178
           59031865     163332       105
          402502483     163332       594
          124002160     163668       198
          130140875     163374       240
           70783969     163376       144
          181591549     163270       290
          315141488     163300       607
           35135482     163663        49
          173015277     163340       345
          492546712     163332       735
           23809924     163630        82
           24992053     163300        46
           64007561     163338       132
          102703004     163758       136
            5090401     163289        12
           45858530     163663        63
           96237725     163663       137
          156629272     163332       238
           72164197     163378       153
           31721722     163286       121
            6278395     163270        11
           17391307     163481        30
           65790047     163589        95
           33934462     163301        65
          236147610     163588       349
          568125713     161217       679
          310760642     161217       352
          186788939     163588       274
          459799985     161217       538
           51809463     162825       118
          174481282     163738       212
           87164417     163071       160
           21040686     163584        30
           16515605     163761        26
          171809662     161311       350
          107403277     163588       157
          137209334     163817       157
          285356139     163402       436
           24964105     163237        55
          181097988     163817       199
          207339930     161223       301
            5860579     161223        10
           25692500     160940        51
           98162993     163296       164
          108295284     163475       157
          352149746     163296       562
            8594694     163757        12
          280418863     163069       507
          228443484     163402       347
          393384307     163659       538
           14278571     163659        19
          392944113     163817       412
          163899972     163371       279
           77587483     162825       178
           48478244     163374        89
          215292603     163374       404
          218681950     163334       378
           48905224     163252        95
           61289724     163297       105
          343960468     163255       521
           25640457     162822       100
          263351668     163300       501
           84833016     163765       139
           86434457     163765       141
          229547035     163374       432
           32885098     163340        65
            7398919     163376        16
           18583094     163300        34
            3519049     163046         7
           76431368     163069       171
          103416236     163340       205
          612071349     161217       738
          179035318     163659       233
          202751775     163659       265
           83118310     165121       218
           57383990     165121       149
          854524613     165364       700
         1370040133     165364      1178
          457903901     165364       366
          572854779     165415       487
          342134846     165415       295
          487202468     165415       415
          233934641     165415       210
          260829848     165415       231
          212147418     165415       194
         1445080557     165415      1219
          847879225     165415       736
          956638680     165415       833
         1008877687     165415       873
          529604710     165467       414
          373559122     165467       298
          469098984     165467       369
          707294989     165467       550
           98880398     165467       103
          101077993     165467       105
          116239001     165467       117
           82359353     165472        71
          828474396     165472       707
          493904665     165472       440
          537928158     165472       480
          591434272     165472       524
           69028403     165486        65
          117720324     165487        92
          201475683     165514       165
          507094623     165514       375
          270270889     165514       213
          597454916     165514       439
           65622343     165514        77
          720612040     165514       525
          126777956     165514       117
          589920881     165548       439
          644973710     165548       482
          755358161     165548       568
          308716339     165548       225
          187562059     165548       137
          206754275     165548       151
          358581664     165548       262
          113512667     165548        83
          448260278     165548       329
          516223791     165567       413
          667599773     165567       532
          675804859     165567       539
          728450807     165567       575
           85099568     165567        85
          183142582     165567       160
          181938237     165567       159
          221951771     165567       188
          363451489     165567       292
          595270188     165567       475
          194820854     165570       148
          179912082     165570       138
          815440040     165570       621
         1235241528     165570       921
          453532569     165570       339
          139417456     165570       109
          163188416     165570       126
          345639453     165570       258
          654527354     165570       493
          671632550     165570       506
          671156139     165570       506
          699806729     165570       528
          297811068     165633       235
           63712400     165633        73
          143206561     165633       127
          436254125     165633       336
          222619693     165633       182
          602019790     165633       460
           47614130     165970        70
          230584703     165970       203
          550480644     165993       484
         1556276478     165993      1479
          323267961     165993       290
          699457426     165993       617
          710812399     165993       627
          248054013     165993       228
           79732008     165993        94
         1604801267     165993      1534
          544766333     165993       479
          647939160     165993       570
          914168028     165993       817
          757257819     165993       671
          411124074     165993       364
          142902160     165993       143
         1313605514     165993      1218
          246361647     165993       226
          262250993     165993       239
         1224280814     165993      1125
         1668936180     165993      1606
         1461081019     165993      1375
          367131432     165993       327
          372691332     165993       331
         1166924410     165993      1066
         1132143703     165993      1031
          589754124     165993       519
           55633660     166011        47
          260417506     166033       191
          164934473     166033       128
          189907163     166033       145
          937132004     166033       679
          947874044     166033       687
          124008522     166033       102
         1434158527     166033      1086
          328060432     166033       237
          303623769     166033       220
          638483319     166033       454
          135880696     166033       109
         1110580663     166033       816
          909609748     166033       657
         1395580344     166033      1053
         1385350153     166033      1044
         1007813925     166033       734
         1366247619     166033      1028
          752547564     166033       538
          352941518     166033       254
         1030313798     166033       752
          277376730     166034       258
          184184742     166034       172
          103638325     166034        97
          135430074     166034       126
           33799934     166034        33
          295262985     166049       226
          450017025     166049       336
          258749247     166049       201
          669751594     166049       500
          803190415     166049       604
          704105725     166049       526
          795115395     166049       598
           64202289     166049        69
           93267854     166150        65
          121971143     166150        85
          129885708     166150        90
           86202527     166161        73
           40561113     166161        42
           15740972     166163        16
           43568619     166346        55
          102887891     166346        97
          105451680     166374       100
          506335895     166380       440
         1173719313     166380      1082
         1355573578     166380      1268
          464840832     166380       402
         1276652983     166380      1187
          261320301     166380       222
          815458021     166380       733
          117218507     166380        99
          129649350     166380       110
         1643935562     166380      1578
          526354518     166380       458
         1100660407     166380      1009
          867334714     166380       782
          898662828     166380       811
          149577334     166380       126
         1315606748     166380      1227
          220917595     166380       187
           67819398     166380        58
           69719256     166380        60
         1209388436     166408       971
         1375420518     166408      1117
          233264774     166408       198
          458727888     166408       364
           55918399     166408        74
         1335373580     166408      1082
          809480586     166408       636
         1417824235     166408      1156
          849168474     166408       668
         1041992606     166408       827
          556775533     166408       437
          100231594     166408       105
         1285851864     166408      1038
         1286161571     166408      1038
         1071364665     166408       852
          987574816     166408       782
         1461811684     166408      1196
          612267110     166408       480
          662935365     166438       580
          302905779     166438       263
          195756106     166438       174
           17716858     166438        33
          632060401     166438       552
          817710489     166438       725
          826250845     166438       733
           44793890     166438        53
           44311976     166438        53
          392032382     166438       339
          617592562     166438       539
           50762251     166462        79
           53224334     166462        81
          112358976     166462       130
          214322463     166462       216
          228353145     166462       229
          102436050     166462       122
          472232302     166462       455
          519039746     166462       499
          457544810     166462       441
           23157504     166502        44
         1520123298     166512      1354
          946930063     166512       796
          397954202     166512       329
           73686032     166512        80
         1914139910     166512      1781
          481089590     166512       396
         1567452753     166512      1403
          220405628     166512       190
          971944245     166512       819
          537210790     166512       442
          859493391     166512       718
          315568747     166512       264
         1389979581     166512      1219
         1753634318     166512      1602
         1112439481     166512       950
         1119591696     166512       956
          925354175     166512       777
         1231425135     166512      1063
         1778742435     166512      1630
         1789055308     166512      1641
         1194318880     166512      1028
         1476953904     166512      1310
          328518311     166512       274
         1647257871     166512      1488
         1547447250     166512      1383
          101360111     166512       100
          346521885     166514       407
          347912819     166514       408
          105079106     166514       122
          162295003     166554       148
          117996901     166554       116
          456500780     166554       383
          216126401     166554       189
          558067320     166554       467
           44404197     166554        63
          416966557     166554       351
          841593702     166554       710
          548951272     166554       459
          861995304     166554       728
          646605167     166554       541
          547441633     166563       547
          569258475     166563       569
           66571714     166563        63
          215464485     166563       200
          250806001     166563       234
           44499167     166563        43
           53398314     166563        51
          567543641     166565       629
          753133939     166565       847
          537611532     166565       594
          652758807     166565       728
          437784236     166565       481
           75893698     166565        82
          445545932     166565       489
          625892740     166699       579
          636460791     166699       589
          148660382     166699       157
          213326365     166699       210
          217823405     166699       214
          344851718     166699       323
          578672305     166699       534
          884341562     166699       838
          888276647     166699       842
          589497352     166699       545
           39818406     166701        47
          236290129     166701       255
          156315601     166701       169
          431440618     166701       471
          202018984     166701       218
           53112743     166701        61
          152821934     166701       166
          251679041     166701       271
          578918937     166763       517
          561275440     166763       501
          697198020     166763       626
          315279341     166763       286
          241755499     166781       206
          338865893     166781       285
          443233996     166782       406
           78677913     166782        71
           94309147     166782        85
          106501001     166782        95
          116665868     166782       104
          129102272     166782       115
          307402311     166784       319
          237393648     166784       245
          251806656     166784       260
          312399650     166784       325
          278544354     166787       306
          151321836     166787       165
          188734025     166787       206
           43857908     166787        49
           84385456     166839        86
          293064346     166839       257
          217095527     166839       193
          220694279     166839       196
          129556010     166839       122
          540524418     166841       499
          458937380     166841       423
          473331307     166841       437
          481468988     166841       444
          178849713     166841       163
          195602283     166841       179
             161739     166841         3
           65752552     166841        62
          502385411     166841       464
          319460774     166841       296
          158037265     166841       144
          833529990     166841       788
          363240040     166841       336
          389404728     166841       360
          652574066     166841       607
          348501240     166841       323
          352274569     166841       326
          358479372     166841       332
          123994038     166842       134
          140649080     166842       152
          359172311     166859       308
          276982709     166859       243
          166904074     166859       158
          367866025     166859       315
          322661140     166864       311
          169868919     166864       161
          241508736     166864       227
          460434013     166864       490
          429788310     166864       431
          354972815     166864       342
          219369058     166864       207
          412346338     166864       411
          138056111     166864       132
          501951495     166888       421
          298160814     166888       260
          223601391     166888       204
          422436411     166888       355
          491300772     166888       412
           53002739     166888        73
            8846318     166889        11
           38428442     166889        35
           98056441     166889        84
          241940552     166889       205
           55146951     166889        49
           37561052     166889        34
          258648939     166889       219
          290505495     166890       261
           36910192     166890        34
           77839583     166894        83
          106738896     166894       113
           92654855     166894        98
          258276142     166895       282
          321645749     166895       351
          483570249     166895       533
          180039518     166895       195
          822809797     166922       646
           23768812     166922        19
           65544225     166922        49
          527501307     166922       402
          945661486     166922       752
          169090511     166922       126
          788195584     166922       617
          786266263     166922       615
          808409395     166922       634
          587199361     166922       450
          464410875     166922       352
          673435049     166922       521
           44354082     166923        41
          364056189     166923       336
          216977214     166923       198
          339175710     166923       312
           61141770     166946        69
          122548575     166946       117
          142684325     166946       131
          149634005     166946       137
           47259028     166946        59
         1039408935     166950       910
          235309847     166950       196
          234987250     166950       196
          520331324     166950       433
          748316853     166950       635
         1237830562     166950      1107
          208151142     166950       174
          357592257     166950       296
           40290181     166950        42
         1046040288     166950       916
           90239289     166950        81
          937763113     166950       812
         1154912449     166950      1024
          536384352     166950       447
         1255264238     166950      1125
         1277998932     166950      1148
         1392196781     166950      1265
          137993393     166960       151
           56544417     166966        65
          206813753     166966       236
          128869272     166966       148
           40691817     166967        49
           79334726     166967        94
          157267569     167041       138
          333370299     167041       296
          346303099     167041       308
          618129758     167041       569
          463594485     167041       420
          469195770     167041       426
           67607394     167041        60
          202261785     167041       177
          232098982     167041       204
          429821578     167041       389
            7960609     167041        10
          489678418     167041       445
          143328725     167043       149
           66506688     167043        70
          149411227     167078       136
          188742905     167078       167
          102708437     167098       128
          159707880     167098       172
          174690122     167098       184
           40792950     167098        75
          129128124     167102       123
          347601454     167102       335
           90930102     167102        87
          263637151     167102       252
           99198420     167102        95
           99671540     167102        96
           49418381     167103        54
           13406462     167103        16
           20457232     167151        18
          330409311     167281       259
          319850571     167281       250
          470762459     167281       378
          479237508     167281       385
          111178063     167281        86
          287920166     167281       225
          499561506     167281       403
          458469506     167281       368
          466103637     167281       374
           53693306     167281        43
          391025206     167281       309
          616012452     167281       506
          558976091     167281       455
           90693493     167282        90
          160269788     167282       158
          165435232     167282       163
           23048292     167282        24
          175806256     167282       172
          269211610     167282       264
          533468792     167284       614
          236619419     167284       259
          101049906     167284       110
         1319819372     167284      1553
          437690525     167284       500
         1064923438     167284      1243
          544704775     167284       628
          565764096     167284       653
          948376306     167284      1107
          826320525     167284       969
          784493903     167284       922
           85932631     167284        94
          389176071     167284       442
          294272659     167284       324
          196230830     167284       214
          602650857     167284       698
          629976693     167284       732
          127031275     167551       117
          140621892     167551       126
          589083519     167551       449
          247806875     167551       199
          463691168     167551       355
           66475567     167551        76
          201564741     167673       334
          219404248     167673       347
          277199343     167673       391
          121038402     167673       275
          266919014     167674       218
          267217400     167674       218
          207519726     167674       169
          362354997     167674       299
          924965289     167675       878
          766644460     167675       719
          464247588     167675       428
          134954484     167675       120
          918314773     167675       871
           91969379     167675        82
          746715696     167675       700
          553409370     167675       514
         1020327631     167675       975
          612701841     167675       570
          504080781     167675       466
          588792794     167675       548
           85835867     167675        77
          394222107     167675       362
          346508297     167675       317
          417390999     167675       384
          158145678     167676       173
          163443334     167676       179
           47588626     167676        54
           48899553     167676        55
          189853748     167676       208
          109487966     167676       120
          124316510     167676       136
          125275989     167676       137
           32545428     167676        37
           79342972     167740       101
          240724606     167746       203
          291273724     167746       241
          300855972     167746       249
          440939988     167746       358
          100960438     167746       100
          121138065     167746       114
          152963398     167746       138
           50564518     167786        49
           72413784     167786        66
          207863129     167786       171
         1051562763     167807       819
          643135796     167807       495
         1776865001     167807      1475
          129141280     167807       121
         1931238977     167807      1624
          564587718     167807       436
         1450443637     167807      1166
         1968733683     167807      1661
         1978749178     167807      1671
          315815326     167807       253
         1676525370     167807      1378
         1480088603     167807      1194
         1790924603     167807      1488
          734317778     167807       565
          901936971     167807       697
         1013667697     167807       788
          649750115     167807       500
          925846014     167807       716
         1667843592     167807      1369
         1887238890     167807      1581
          425809126     167807       333
         1310793053     167807      1041
          822488355     167807       634
         1102481685     167807       862
          113540139     167807       110
         1039099324     167807       809
         1609886178     167807      1314
          532188557     167830       521
          528854952     167830       518
          646891753     167830       631
         1149256309     167830      1122
          487329055     167830       480
          114065202     167830       122
         1256197702     167830      1232
          521457528     167830       511
          102392640     167830       110
         1090153326     167830      1063
          108241287     167830       116
          940712551     167830       914
          804825404     167830       781
          805691075     167830       782
           11161380     167830        14
           18163814     167830        22
          713243963     167830       694
          719887305     167830       700
          738426899     167830       718
           40088398     167830        44
          434286027     167830       430
          759460869     167830       738
          429489540     167898       374
         1133153807     167898       940
           63035508     167898       114
         1018544064     167898       841
         1287489812     167898      1083
          919548555     167898       758
         1098103002     167898       909
         1681246663     167898      1455
         1576883173     167898      1356
          880553293     167898       726
         1175961704     167898       977
         1233291432     167898      1031
         1743608594     167898      1515
          180723177     167898       195
          184980629     167898       198
         1602019112     167898      1380
         1077970039     167898       892
         1933020260     167898      1697
          808249507     167898       668
         1970046451     167898      1730
         1859037570     167898      1629
         1032956117     167898       853
          212206681     167913       199
          354968489     167913       335
           26304451     167913        26
          267560813     167913       251
          445204886     167913       418
          452834338     167913       425
          417384094     167913       393
          335454886     172389       230
          140712492     172268       115
          143098261     172268       116
           49703003     172268        63
           97834663     171050       105
          247930600     171897       237
           71022944     171926        55
           26439451     170896        32
          141593339     172208       120
          221771108     171812       181
           67798561     171282        50
           13424945     172254        11
           14841087     172254        11
          434844253     172411       335
           33295580     171091        31
           54564176     170896        63
         1019182062     171578       968
           42400584     171050        67
            5736608     172400         6
          168797789     171921       136
          160995614     172163       108
          107176172     170901       131
           59932947     172033        46
          587683170     172400       440
          600832069     172400       450
          601238126     172400       451
          460029969     171484       384
           93256774     171578       109
          195692061     171178       183
          483842276     172163       326
           77686996     172033        60
          109870307     171219       107
          109834717     171219       107
          288372494     171178       269
          273128688     171484       238
          230315375     171156       263
          257714202     172208       191
          235249533     171484       209
          342149227     171578       353
          440158785     171578       438
           41555143     171315        60
          996176917     171178       958
          112896891     171091       101
           78499654     171578        96
          682306882     171876       507
          122679452     171484       126
          138447523     170876       161
          374833470     171156       372
           95531207     171282        69
          149818598     171106       134
          309048533     171178       288
          582626840     172163       398
           33737328     172254        22
          425773813     172389       291
          220461442     172163       147
           94674528     172163        67
          781412308     171050       610
          705129467     171156       641
          481709513     171050       375
          509972639     171156       478
          472743634     172400       348
          472964734     172400       348
           58619613     171812        65
          114519425     171921       101
          714738104     171050       556
           63515321     171484        85
          617672098     171178       580
           64052383     172399        72
          366538380     171812       291
          414047556     171812       328
          416504399     172400       305
          151433613     172014        98
          758779223     171578       729
          777648474     171578       746
          343280475     171876       257
          152582153     172033       119
          914564223     171578       870
          269116937     170854       260
           82756084     171274       117
          313757232     170854       305
          584545830     171050       454
          596550695     171050       463
          228625176     171106       205
           92256409     172400        66
          153425420     171880       121
           48804967     171091        45
          653161117     172400       487
          460871414     172400       339
          203860947     171315       178
          205654178     171315       180
          286619923     172399       213
          200536820     171926       149
          635998244     171578       616
           78863815     172389        68
          201234109     172033       157
          215845779     172033       169
          179185935     172399       143
          175176444     171178       165
          176668038     171178       166
          480894309     171812       373
          590384927     172389       407
           40753423     171446        63
          918978743     172400       674
           76447749     172399        80
           35978810     171926        27
          322042663     172400       234
          321750500     172400       234
          841010439     172400       618
          176519932     171106       158
           87252741     170896       100
          261248424     170854       253
          390129055     171484       331
          477302530     171484       396
           81881528     171219        87
          116157433     170826       112
           10746761     172014         9
           18955692     172014        14
           51601699     172254        33
          339362144     172033       267
          615140757     171050       478
           29080929     172401        26
          190943068     171812       158
           13673096     172255        10
           13846469     172255        11
          316502080     171484       272
          423155990     172411       327
          117890697     172399       105
           41109576     170842        35
           67910381     171178        63
           45256001     171117        45
          124307889     171369       123
          111925159     171484       119
          276287665     171876       206
          201991517     172286       157
          322633652     170826       263
           26462469     172255        18
           16681862     171926        14
          381834012     171876       286
           78195808     171921        78
          313136632     171876       233
           15685362     171897        16
           61823043     171446        77
          465745100     171876       354
          209017635     170876       243
          276243686     172389       191
          278862949     172389       193
          160882920     170854       155
          140431887     171315       131
          134065757     172389       102
          254434862     172286       191
          376590428     171050       294
          378890794     171050       296
          214746774     171282       154
          715410185     172400       530
          102787170     172478        92
          107480919     172478        96
          168825491     171876       119
          909415179     172400       667
          185503214     171282       133
           45659412     172163        37
          242526883     171178       229
          161761246     170842       133
          163054803     170842       134
          135938018     172163        93
          378115912     170826       306
          294349876     170842       246
          130851668     171156       165
          658655363     172163       456
          583995083     171156       539
          591889922     171156       546
           25660599     170826        50
          543019703     171812       415
          545314835     171812       417
          254889954     172389       177
          524894556     170854       524
          170625739     171876       120
          358808315     171156       359
          358978926     171156       359
           48447457     172619        53
           41591573     172286        58
           71208771     172286        76
           52984655     171282        40
           86128574     171315        92
           66779448     172411       101
          136557423     171091       122
          287985714     171106       259
          824196799     171178       785
           77882925     171156       106
          350690082     170826       285
          159264494     171219       143
          381547908     172163       255
          124888251     172286       109
          227783765     172411       198
          229356476     172411       199
          719279444     172400       533
          828187827     171050       648
          572571798     172400       427
          152103306     171282       109
           52552471     171812        61
          283490315     171897       270
           39065641     171178        37
          250610213     172411       212
          101535438     171369       106
          147218715     171446       138
           84246401     171876        59
           88047861     171876        62
          375960274     172033       293
          305957697     172620       340
          152832246     172620       168
          411198053     172620       462
           60893022     172620        68
          203458528     172620       225
          129757740     172630        89
          111256693     172630        78
          178931979     172630       118
          183128233     172630       120
          231904491     172630       150
          273534261     172635       183
          346475780     172635       233
          353855572     172635       238
          164809041     172635       109
          374175919     172635       252
          318720816     172635       213
           55263922     172635        38
          355886995     172635       239
           86538233     172778        78
         2190284357     172791      1635
         1922133378     172791      1408
         1992631761     172791      1467
         2116767630     172791      1572
         1295834573     172791       930
          479824354     172791       349
         1730298006     172791      1255
          848457179     172791       621
          286888185     172791       222
          655795541     172791       474
          246781368     172791       196
         1127221112     172791       813
         1136277967     172791       819
          630957301     172791       456
         1508475712     172791      1085
          381933920     172791       283
          384024674     172791       285
         1015714280     172791       739
         1708346056     172791      1237
         1813266740     172791      1320
          695148881     172791       503
          775126405     172791       563
          798681898     172791       582
         1214510919     172791       873
         1451375499     172791      1042
         1260457423     172791       905
         1277879018     172791       917
          176933774     172791       153
         2054806569     172791      1519
         2058840139     172791      1522
          520808975     172791       378
          918034110     172791       675
          560630913     172791       406
         1636676759     172791      1182
         1586630581     172791      1143
          229663415     172799       211
          214132186     172799       197
           85479351     172799        79
          101209504     172799        93
           24824123     172799        24
           32583774     172799        31
          506974321     172801       482
          768007909     172801       757
          419252815     172801       395
          159862197     172801       149
          166307356     172801       155
          267971795     172801       250
          302569271     172801       283
            3620718     172801         6
           34007806     172801        33
          961174632     172801       986
          897855317     172801       912
          442061958     172801       418
          643534513     172801       619
          355014779     172801       333
          857837624     172801       866
          892810209     172801       905
          696893146     172801       674
           78506732     172801        74
          508645380     172802       609
           87155329     172802       102
          502347948     172802       601
          587661754     172802       706
          437702986     172802       523
          311442104     172819       228
          167318059     172819       139
          152232302     172819       130
         1774984062     172822      1319
         1883653100     172822      1409
         2191197739     172822      1675
         2351246071     172822      1820
         2216858351     172822      1698
         2227304083     172822      1708
         1880474754     172822      1406
         2044867610     172822      1546
         2672963186     172822      2109
         2097384295     172822      1592
          344890627     172822       244
         1890192944     172822      1414
          758359569     172822       560
         1092852091     172822       799
         1447482742     172822      1060
         1552765569     172822      1141
          699250787     172822       513
          530399527     172822       382
         1717887861     172822      1273
         1263660308     172822       922
          863548803     172822       640
         1189353798     172822       868
          928099331     172822       684
         1015963418     172822       745
           36892246     172822        27
         2805890069     172822      2230
         2623032637     172822      2065
         2431660210     172822      1895
         2452500649     172822      1915
           92213918     172822        64
           95313334     172822        66
          557790220     172822       403
          405895193     172822       289
         2756551445     172822      2185
         1824462082     172822      1360
         1391077447     172822      1017
          776589356     172822       575
           26407723     172822        20
          512830553     172822       369
          804837019     172822       598
         1669463172     172822      1233
          722443972     172822       531
          371037027     172822       263
           76338951     172847        84
          136264313     172847       118
          562113949     172865       356
          477828375     172865       303
          196062206     172865       134
          170114418     172865       115
          585383931     172865       371
         2439404041     172868      1948
          127563024     172868        89
         2103191112     172868      1643
         1683824716     172868      1274
         1555230910     172868      1167
         1904531945     172868      1464
         2028039567     172868      1575
         1970394202     172868      1522
          427025116     172868       306
          184602331     172868       129
          203966496     172868       143
          207581520     172868       145
          209038386     172868       146
         2046663980     172868      1592
         2050806370     172868      1595
         2330851899     172868      1850
         1827443894     172868      1396
         1221470416     172868       901
         1244322055     172868       918
         1843384863     172868      1410
         1693325195     172868      1282
         1702433188     172868      1289
         1710048747     172868      1296
         1383732407     172868      1028
         1335917802     172868       989
          640216929     172868       473
         1428103999     172868      1064
         1021247856     172868       752
          947211905     172868       699
          726049188     172868       543
          698074359     172868       520
           18650216     172868        15
          511572378     172868       371
         1091089200     172868       803
         1100805828     172868       810
          117363619     172868        82
          370502330     172868       264
          587926973     172868       432
          603004807     172868       444
          392263741     172868       280
          407886097     172868       292
          563462496     172868       412
         1373233708     172949       981
          547006091     172949       370
          736176983     172949       500
         1661891670     172949      1186
          354870592     172949       245
         1010097165     172949       702
          160372492     172949       127
         1093469608     172949       766
          401582824     172949       276
          317024974     172949       222
          687905365     172949       466
         1317107016     172949       943
         1630454645     172949      1163
          866914659     172949       594
          881446035     172949       604
          880514463     172949       604
          246621914     172949       179
         1346873322     172949       963
           94031298     172949        86
          971033487     172949       671
          644535239     172949       436
          758250905     172949       515
           38747206     172951        32
           59910063     172951        48
           64874728     172951        52
         1207572719     172952      1050
         1213482009     172952      1055
         1565365045     172952      1409
         1636371679     172952      1481
         1289936492     172952      1128
         1222432453     172952      1064
         1268534093     172952      1108
          798195582     172952       682
          635561785     172952       534
          512158679     172952       424
          517373033     172952       429
         1072854185     172952       925
          576606976     172952       481
         1371374173     172952      1214
          231519950     172952       186
           76351500     172952        61
          696532097     172952       589
          118762097     172952        94
          818312385     172952       700
         1214142803     172992       884
          772238968     172992       550
         1140835372     172992       826
          880235026     172992       627
          888364433     172992       633
          808208605     172992       575
         1241694727     172992       906
          891167201     172992       635
           46786190     172999        35
           56765740     172999        42
           56285837     172999        42
          394040865     172999       288
          152048988     172999       109
          313885764     172999       228
           33243336     172999        25
          505549268     173198       351
          531368312     173198       368
         1132694380     173198       791
          966115516     173198       683
          971191379     173198       686
          693903212     173198       482
          816476134     173198       574
          831640134     173198       585
           65583003     173198        70
          359852598     173198       253
         1131735059     173198       790
           68310898     173198        71
           70899406     173198        73
           92304754     173198        86
          852297968     173198       600
          434418213     173198       302
          914408657     173198       647
          920024622     173198       651
         1016265249     173198       714
         1073687028     173198       751
           95876888     173198        88
         1046059116     173198       733
          206557523     173198       155
          267756587     173236       212
          245024065     173236       197
          148448080     173236       133
          469419360     173241       313
          623916716     173241       423
          728726837     173241       501
           88947705     173241        61
          104966600     173241        71
          585497356     173241       396
           37576134     173241        29
          385008352     173241       254
          835168993     173241       582
          333639817     173241       220
          952615427     173241       674
          435822160     173241       289
          809016276     173241       562
          969047082     173241       687
         1049263897     173241       751
          291596107     173241       192
          740992036     173241       510
           49064830     173243        39
          111391371     173380       114
           85346386     173380        95
           70490655     173381        49
           73947438     173381        51
          102831110     173381        71
          285373650     173381       198
          299682239     173381       208
          187168104     173381       129
           44920003     173381        32
           13864605     173381        11
          350002185     173381       244
          805276454     173389       593
          835992732     173389       616
          715758107     173389       529
          185314843     173389       146
          251527073     173389       197
          120087622     173389        97
          624389870     173389       463
          236467975     173389       185
          259261599     173389       203
          529104807     173389       396
          397210122     173389       307
          417000598     173389       320
          562849821     173389       420
          331633561     173389       260
          664229501     173389       492
          668400363     173389       495
          367199088     173406       280
          325523760     173406       248
          185066053     173406       145
          185961665     173406       145
          209891094     173430       155
           38660021     173438        33
          264273659     173439       173
          696836062     173439       449
          182127133     173439       119
           98088658     173439        65
          336502720     173439       221
          337139053     173439       222
          579724680     173439       378
          686703293     173439       443
          690339094     173439       445
          963730643     173439       623
          985749079     173439       638
           69402562     173439        47
          303321767     173439       199
          898590884     173439       579
         1071855751     173439       698
          709072207     173439       457
          189810553     173439       124
           44532359     173439        31
           46719479     173439        32
          118832377     173439        78
          918006617     173439       592
          921691125     173439       595
           45710306     173657        70
           57681554     173657        79
           40385942     173658        30
           83855147     173658        59
          268975664     173659       184
           30922183     173659        22
          106518816     173659        73
          111599401     173659        76
           16126185     173659        13
          114170191     173659        78
          225525750     173659       154
          226589348     173659       155
          431583229     173659       301
          322703767     173660       255
          436135113     173660       350
            5614420     173661         6
           46885244     173661        35
          134997611     173661       107
           32720665     173663        27
          879852882     173692       605
         1215776048     173692       861
          386412900     173692       268
          795515178     173692       545
         1552145187     173692      1106
         1567805158     173692      1117
          486912417     173692       333
         2080391661     173692      1506
         1943873906     173692      1398
          989584958     173692       686
         1613512964     173692      1150
         3201856528     173692      2518
         3207760669     173692      2524
          643490050     173692       439
          546100668     173692       372
          564764115     173692       384
         2564271889     173692      1920
         3131234952     173692      2450
         3140876616     173692      2460
         2451073429     173692      1818
          901411394     173692       621
          910749320     173692       628
          594208270     173692       406
         2063105712     173692      1492
         1183820383     173692       836
         1099519320     173692       770
         2483227373     173692      1847
         1380469379     173692       985
         1382687738     173692       986
          940179613     173692       649
         2924043110     173692      2259
         1418903509     173692      1011
         2170773159     173692      1580
         3244978645     173692      2560
         3386532796     173692      2701
         3003072318     173692      2331
         3004992462     173692      2333
          482432684     173692       330
         1487275732     173692      1059
         1503789984     173692      1071
          514305663     173692       351
          330863168     173692       234
         1061932620     173692       741
         1064654488     173692       743
          168843225     173692       137
         2290612670     173692      1680
         2309240722     173692      1696
         1296293885     173692       927
          967296530     173692       669
         2020881966     173692      1458
         1132981655     173692       796
         2384385634     173692      1760
         1661337747     173692      1185
         1662851248     173692      1186
           69116714     173692        79
         3317901064     173692      2632
         2756323017     173692      2098
         1041663474     173692       725
