         68990527     175860        62
          4698402     175865         7
        220226379     175866       246
        174213762     175866       192
        166328846     175866       183
        388393440     175866       452
        421481647     175866       494
        362723673     175866       420
         30686534     175873        21
          2492293     175873         5
         20380449     175881        17
        243381213     175886       203
        134393145     175886       111
        221273559     175886       184
        117055351     175886        97
        168265833     175886       139
         68767035     175886        58
         84996009     175887        79
         24316038     175887        24
        112886545     175888       110
        122140084     175888       119
        180319878     175888       177
         96218321     175888        94
          2820614     175888         5
         18788235     175888        20
        122747310     175906       130
         43455246     175906        82
         92522675     175906       112
        188370418     175906       168
         40426044     175921        68
        413183336     175921       294
        492990683     175921       347
        189014990     175921       154
        481326667     175921       339
        532211738     175921       376
        575402018     175921       406
        523053131     175921       367
         60577702     175921        79
         73532079     175921        86
        322088054     175921       235
        171563048     175921       144
        217323584     175973       159
        350683299     175973       264
        246475457     175973       181
        246935264     175973       182
        216186867     175973       158
        275457044     175973       204
          5132462     175975         7
        146080231     175975       139
         86085068     175975        82
        243277192     175975       209
        389089289     175975       287
        114598566     175975       109
        116108171     175975       110
        297167876     175975       237
        354616672     175975       268
        539137396     175975       373
        363077665     175975       273
         58481707     175975        56
        304121490     175975       241
        176100768     175975       169
        564789220     175975       388
         79308723     175976        49
         24228397     176023        47
         77074522     176023        80
        113611565     176023       104
         71957272     176023        77
         18396477     176163        13
         19147945     176163        14
         33809851     176165        23
         50101862     176169        36
           144063     176169         3
          2267146     176169         5
         93846595     176169        64
        591018898     176201       371
        392127961     176201       254
        421507855     176201       271
        426032744     176201       274
        830846082     176201       519
        793668798     176201       495
        124906735     176201       104
        196879603     176201       147
       1028114147     176201       650
        940586365     176201       591
        971689921     176201       612
        981978541     176201       619
        703947306     176201       439
        727511390     176201       453
        596586804     176201       374
        254003470     176201       179
        383148086     176201       249
        493168127     176201       312
        803793849     176201       501
        350433022     176202       263
        228039404     176202       169
        216318600     176202       160
        336225484     176202       252
        181665773     176202       134
         10497373     176202        10
        124236423     176202        91
         20848443     176206        20
         87076194     176206        74
         86772736     176207        76
         62359184     176207        55
         14630753     176207        15
        133139183     176207       113
        251316408     176207       202
        265843120     176207       213
         49056646     176286        62
        461194396     176286       318
        255792633     176286       195
        182428120     176286       151
        218146916     176286       174
        175863213     176286       147
        100755518     176286        96
        118273403     176286       107
        167882501     176286       141
        168632043     176286       142
        261665915     176286       199
        668201720     176286       454
        132550793     176286       117
        286125220     176286       213
        294528559     176286       218
        652408761     176286       443
         78493383     176289        58
         23781526     176289        19
         62183483     176289        46
        137963246     176304       138
        746847514     176304       501
        543025241     176304       373
        533347066     176304       367
        526622284     176304       363
        325642678     176304       247
        724823789     176304       487
        260963220     176304       212
        270271699     176308       202
         10690853     176308        10
         40528413     176308        31
        147067205     176308       108
        148144860     176308       109
        341255214     176308       257
        777349478     176309       606
        779857968     176309       608
       2005877015     176309      1358
       2045667242     176309      1384
        801947055     176309       622
       2106139660     176309      1423
       2149481433     176309      1451
       2298779650     176309      1549
       2204397050     176309      1487
         91173112     176309        78
        522833492     176309       430
       2313465926     176309      1559
        594001601     176309       486
        602222007     176309       492
         44272053     176309        39
        513532091     176309       423
       1453602207     176309      1018
       2249601167     176309      1516
       1036400639     176309       768
        312803159     176309       265
        316042139     176309       267
       1177051976     176309       851
        404363811     176309       333
        899278508     176309       689
        728244827     176309       573
       2383059065     176309      1606
       2399962174     176309      1617
        428919512     176309       357
        686516029     176309       546
       1300245961     176309       926
         15433654     176309        15
         22718415     176309        21
         21017238     176309        20
        251204591     176309       219
       1570391513     176309      1087
        965375781     176309       727
        291591778     176309       249
       2370941578     176309      1597
       2306031380     176309      1554
       2318046647     176309      1562
       1421772886     176309      1000
        537483789     176309       442
        157859203     176467       107
        208686066     176467       137
         70813778     176467        49
         45954380     176468        29
        132316307     176468        79
        121555498     176468        73
         51135826     176468        32
         55679735     176468        35
        214685473     176547       123
         13341974     176547        13
         13402518     176547        13
        103176376     176547        64
        291553310     176547       166
         46135082     176547        34
        298954335     176547       170
        258232024     176547       147
        145478084     176547        86
         85189280     176547        54
       1720898679     176548       973
       1754677987     176548       992
        225597815     176548       134
        441378723     176548       251
        483165628     176548       273
        928330345     176548       530
       1742957781     176548       985
       1031016762     176548       596
       1037965298     176548       600
       1118216890     176548       645
       1354801332     176548       769
        795175484     176548       450
        801212947     176548       453
        142252493     176548        86
       1532926235     176548       866
        394145107     176548       226
        910714144     176548       519
        318728246     176548       181
        321006888     176548       182
        779755934     176548       441
        470506175     176548       267
        485811859     176548       275
       1491892707     176548       843
       1782476953     176548      1009
        593197228     176548       334
       1546219132     176548       874
        680725979     176548       383
        736752654     176548       415
       1599049909     176548       903
        515881419     176548       291
        307682031     176548       175
        726221946     176548       409
        127120843     176697       105
        317817518     176697       229
        356011748     176697       256
        357342914     176697       256
        306711408     176697       222
        160947424     176697       126
        170771429     176697       134
        468255490     176697       336
        137555904     176697       112
         64641073     176697        69
        428982445     176697       307
         42747536     176701        31
         89549031     176701        60
        564037632     176702       372
        572061491     176702       377
        138015011     176702       100
       1149153226     176702       703
        158886866     176702       115
       1093659351     176702       665
         13029881     176702        12
        916459098     176702       565
       1033204263     176702       630
         89394511     176702        65
        101260450     176702        73
        344498849     176702       230
        718678157     176702       459
        698647170     176702       449
       1026097149     176702       626
        381142414     176702       253
        354731923     176702       237
        355267548     176702       237
        356818359     176702       238
        795067716     176702       500
        560260658     176702       369
        137312356     176771       136
         73862460     176771        87
        114846097     176796        74
        139237626     176796        88
        152293013     176796        95
         34878962     176797        23
         85367033     176797        53
        330150478     176797       209
        207643753     176797       130
        220915640     176797       139
        268771974     176797       170
        392060450     176799       227
        211926311     176799       130
        175404840     176799       107
         81140454     176799        50
        184058341     176799       112
        185513537     176801       108
        311420549     176801       183
        154222766     176801        90
        260509217     176801       152
        260782973     176801       152
         18868025     176801        13
         29183723     176801        19
        164810509     176801        96
        164737851     176801        96
         25529822     176805        18
        216943986     176807       147
        376811332     176807       258
        623122118     176807       437
        633002051     176807       444
        538112544     176807       374
         52712557     176807        37
        334354383     176807       228
         72843437     176807        50
        207098730     176841       184
        250519620     176841       218
        259629538     176841       225
        191658019     176841       174
         10087334     176844         9
         36182197     176844        26
         47430671     176844        33
        331322243     176850       184
        344136424     176850       192
        523489548     176850       296
         54244954     176850        32
          1008471     176850         4
        166274338     176850        92
        445899858     176850       250
        515667493     176850       292
        200445012     176850       111
        249879030     176850       138
        409450776     176850       229
        483195925     176850       272
         81664964     176860        52
        447364358     176860       293
        286932259     176860       183
        536178397     176860       354
        181458254     176860       115
        458758177     176860       300
        507100278     176860       333
        612654876     176860       407
        510859201     176868       399
        552364187     176868       434
        366630977     176868       283
        586000503     176868       462
        611134224     176868       483
        522984550     176868       410
        134202940     176868       102
        183370700     176868       140
        318325306     176868       244
        153497807     176885       133
        276373982     176885       208
        301107009     176885       223
        234401003     176885       182
        397059148     176886       241
        193300415     176886       121
        893463019     176886       541
        404890536     176886       246
         34587645     176886        25
         44042437     176886        31
        621875591     176886       382
        433748777     176886       264
        159686106     176886       102
        417686560     176886       254
          3384015     176886         5
        292457899     176886       179
        132095974     176886        87
        134505412     176886        88
        136241746     176886        89
        994218784     176886       596
         85188900     176886        58
        385133258     176886       234
        971234992     176886       584
        197031228     176886       123
        336469605     176886       205
          6185321     176889         6
        107347538     176928        64
         40318910     176928        26
        143731374     176928        85
        140448294     176928        83
        514177400     176929       316
        147623311     176929        94
        152921049     176929        98
        319945593     176929       202
        321309655     176929       203
        445895156     176929       275
         10993289     176929         9
         78579096     176929        51
        741299084     176933       421
        519980845     176933       297
        246496902     176933       152
        484490488     176933       277
         72540250     176933        48
        545591688     176933       311
        555217206     176933       316
        694468950     176933       394
        276355153     176933       167
        195922514     176933       126
         17483012     176933        14
        586921730     176933       333
        163359821     176933       109
        725559966     176933       412
       1151602832     177053       721
        479324636     177053       335
        669063395     177053       455
        813596919     177053       542
        217548984     177053       174
        564792991     177053       392
        566806277     177053       393
        608566282     177053       418
         96491406     177053        98
        764148946     177053       514
       1032188853     177053       656
       1055989672     177053       668
        392290201     177053       286
        269697732     177053       208
        894326457     177053       583
        694851163     177053       471
        549884803     177053       376
       1083184088     177053       683
        238304762     177053       188
        824975176     177074       522
        151274085     177074       124
        154210254     177074       126
        478482197     177074       319
        172392631     177074       137
       1085474694     177074       664
        838991491     177074       529
        993917875     177074       615
        685625726     177074       443
       1217045686     177074       737
       1218801768     177074       738
        234650029     177074       178
       1131289334     177074       689
        192507735     177074       150
        635629633     177074       412
         65971787     177074        71
        747930589     177074       482
        460582958     177074       309
        269807794     177095       198
        146569414     177095       126
        146561532     177095       126
         71102763     177095        80
        174552585     177095       142
          7052711     177096         7
        169740301     177096       111
         80911797     177096        55
        112357558     177096        75
        113331334     177096        76
        115940070     177096        77
        124094910     177096        82
        180707845     177096       118
         78040148     177131        81
         93960572     177131        91
        144642246     177131       124
         79047366     177138        92
         92861288     177138        99
         55296302     177138        79
        112372409     177138       110
        613857152     177139       380
         32351910     177139        22
        764025176     177139       470
        219645575     177139       138
        400393636     177139       254
        711282891     177139       438
          5813378     177139         7
          7827615     177139         8
        848307687     177139       523
        898295037     177139       550
        380104182     177139       241
        128605993     177139        78
         54563940     177139        35
        174334373     177139       105
        427123235     177139       272
        989723474     177139       595
        419711534     177139       267
        447839690     177139       286
        914831389     177139       558
        915199343     177140       522
        414390000     177140       224
        431653678     177140       233
        752050359     177140       419
        114472835     177140        62
        648553364     177140       357
        230036640     177140       123
        500972700     177140       272
        324067878     177140       174
        711875592     177140       396
        791875865     177140       443
        357500143     177140       192
        729039916     177140       406
        760462076     177140       424
        812131802     177140       455
        209486703     177140       112
        557508125     177141       375
        201045098     177141       133
        217826288     177141       144
        863181382     177141       596
        625707246     177141       423
        746486971     177141       510
        717039278     177141       489
         78784426     177183        52
        241747901     177183       147
        249491777     177183       152
        149545798     177183        97
        163416057     177183       105
          4592009     177183         6
         11529782     177183        10
        136846825     177183        89
        146636580     177183        95
        321089474     177183       192
        247094160     177183       150
         31926052     177183        23
        131223637     177183        85
        196167025     177183       122
        949541568     177201       642
        959164384     177201       648
       1050803816     177201       707
        547578839     177201       399
        756870663     177201       525
        565607469     177201       411
        163619355     177201       143
        202801125     177201       170
        258333140     177201       210
        421107705     177201       318
        425405302     177201       320
         61735142     177201        75
        212597298     177201       177
        222474715     177201       184
        225415753     177201       186
        774244576     177201       535
        660777389     177201       469
        341487680     177201       268
        148532398     177222       118
        171280177     177222       131
        440515173     177222       291
        464484828     177222       306
        481273878     177222       316
        482785605     177222       317
        107727815     177222        96
        372008121     177222       246
        474349372     177222       312
        411413582     177319       254
        532612806     177319       335
         38530777     177319        25
        421406199     177319       261
        425175572     177319       263
         99634543     177319        61
        378693633     177319       233
         53822233     177319        34
        275133523     177319       167
        137636301     177319        83
        562564889     177319       356
        582030020     177449       388
        396262053     177449       276
        474470334     177449       323
        134400194     177449       114
        269926088     177449       200
         52079997     177449        65
        487103596     177449       331
        565849108     177449       378
         97562868     177449        91
        108551334     177449        98
        305442264     177449       223
        552715560     177449       370
        174527231     177449       138
        570677209     177449       381
         94042151     177449        89
        221041106     177452       153
        224581110     177452       155
         48136127     177452        35
         90058060     177718        92
        930833752     177718       579
       1102032310     177718       678
       1105098012     177718       680
       1669581280     177718      1059
        263881054     177718       188
       1004404907     177718       621
       2244871455     177718      1509
        949192168     177718       589
        479712002     177718       309
       2353358494     177718      1603
       2354510288     177718      1604
       2362742388     177718      1611
        441139266     177718       286
       1784254016     177718      1142
       1603910765     177718      1013
        665851152     177718       421
       2160680636     177718      1437
       2185973912     177718      1459
       2274228644     177718      1534
       2312365906     177718      1567
       1130951519     177718       706
       2182538337     177718      1456
        757027714     177718       482
        992132627     177718       614
       2019819113     177718      1323
       2023474909     177718      1325
       2215619476     177718      1484
       2241564238     177718      1506
       2073968078     177718      1366
        511190016     177718       327
        519736161     177718       332
       2115845918     177718      1400
       1742101618     177718      1111
       2151927231     177718      1430
        113734779     177718       107
       1860527575     177718      1199
        313166150     177718       215
       1218266542     177718       759
       1244496290     177718       776
       1253994231     177718       782
        196584207     177718       153
        204747979     177718       157
        358113864     177718       240
        383721239     177718       254
        454696581     177719       451
        465332403     177719       463
         44631766     177719        43
        353546873     177719       348
        293334073     177719       287
        324969700     177719       319
        250163208     177719       245
        522996493     177719       524
        529708015     177719       531
        532635479     177719       534
         12002449     177719        13
         97332292     177719        91
         99676563     177719        94
       1251495063     177730       746
       2318564382     177730      1505
       1733128088     177730      1055
       1769879753     177730      1081
       1674638709     177730      1015
       3037718903     177730      2192
        372856723     177730       252
       1438273454     177730       860
       1438740601     177730       861
       1466080995     177730       878
       1917207358     177730      1189
       1930669254     177730      1199
        161006007     177730       124
       2879412724     177730      2026
       1601271305     177730       966
       1610162017     177730       972
        110325245     177730        93
       2544955457     177730      1703
       1551528268     177730       933
        260005748     177730       186
       2132354524     177730      1353
       1857384979     177730      1145
       1327882019     177730       792
       1378823026     177730       823
       1073054641     177730       642
       1080173542     177730       646
       1939656581     177730      1206
       2433318444     177730      1603
       2444167987     177730      1613
       2026824718     177730      1271
        231642403     177730       168
        414026340     177730       274
        414364608     177730       275
       1685805313     177730      1023
       1715421090     177730      1043
       1242383013     177730       741
       1277804892     177730       762
        785211515     177730       486
        146296630     177730       115
       2571801767     177730      1727
       2644264508     177730      1795
       1554231060     177730       935
       2528613295     177730      1688
       2977127216     177730      2127
       2043731067     177730      1284
       2056994955     177730      1294
        534562904     177730       344
       2114643264     177730      1339
       1526413020     177730       917
        988174279     177730       595
       3005490687     177730      2157
       3027236370     177730      2181
        335447683     177730       231
        338198196     177730       233
        337816144     177730       233
       2599322472     177730      1753
       1159964254     177730       692
       2861626368     177730      2008
       1362568999     177730       813
        521535257     177730       336
       1702117554     177730      1034
       1433079204     177730       857
       2128459005     177730      1350
       2383880721     177730      1561
       2396057943     177730      1571
       1051540660     177730       630
         68346268     177776        82
        145784730     177782       145
        271698599     177782       216
        109950041     177782       122
         67632169     177782        96
        125905273     177782       132
        553483962     177783       335
        301943896     177783       184
        358127122     177783       220
        185247573     177783       111
        477709555     177783       292
        447037584     177783       275
        525897829     177783       319
        276310740     177783       167
        321166808     177783       196
        285096553     177783       173
        101226022     177783        61
         21485205     177788        24
         26485649     177789        22
        107045871     177789        78
        458425167     177790       357
        471328024     177790       368
        395353248     177790       305
        618122967     177790       493
        424744770     177790       329
        658351122     177790       528
        660102765     177790       529
        672272645     177790       540
        446663970     177790       348
        495880738     177790       388
        518691817     177790       408
        680549554     177790       547
        264857972     177790       201
        561599042     177790       444
        564689676     177790       447
        649478334     177790       520
        333598262     177790       256
         28233195     177790        24
        294448656     177790       225
         39146151     177791        38
         45250075     177791        44
         91800684     177791        92
         75323832     177791        75
         81954020     177791        83
        596892637     177875       403
        605214664     177875       408
        660683397     177875       446
        237976698     177875       183
        878717591     177875       579
        306637295     177875       222
        744219500     177875       500
        752934185     177875       505
        368781060     177875       258
        166648540     177875       144
        539942295     177875       365
        337215960     177875       240
        870077719     177875       573
        895679579     177875       589
        405553111     177875       281
        328771306     177875       235
        138645773     177875       126
        643835627     177875       434
        140069095     177875       127
        590267759     177875       398
        115084358     177875       112
        957566084     177878       684
        774980992     177878       536
        371298101     177878       241
        277011204     177878       177
       1122554140     177878       824
        102038972     177878        65
        842576081     177878       590
       1017648796     177878       734
        790628961     177878       548
           393274     177878         2
         54055198     177878        35
       1022663722     177878       738
       1036323987     177878       750
        640511070     177878       433
        553825178     177878       369
        931677168     177878       662
        724668466     177878       497
        589419360     178098       363
       1131704339     178098       696
       1100162455     178098       676
        110829106     178098        73
        831609894     178098       516
        470567234     178098       290
       1050338979     178098       645
         49215451     178098        36
        989046527     178098       608
        696051530     178098       431
        145110619     178098        94
        515725955     178098       318
        519043482     178098       320
       1015613859     178098       624
        637615615     178098       393
         22259656     178098        20
        731578346     178098       454
        739295888     178098       459
        979450436     178098       603
        747401710     178098       464
        755736698     178098       470
        869345772     178098       537
        871263367     178098       538
        665448158     178098       411
        673064165     178098       416
        274841648     178099       180
        151251072     178099        99
         31811125     178099        23
         82578713     178099        55
        628365168     178100       475
        644984143     178100       489
        916144127     178100       724
        932457330     178100       739
        430520955     178100       316
       1467319828     178100      1261
       1471770354     178100      1266
       1486361555     178100      1281
        248528538     178100       179
        809103139     178100       630
        813743538     178100       634
        850554140     178100       666
        855418413     178100       670
         81432970     178100        59
        570748832     178100       428
        218450648     178100       157
        218557794     178100       157
       1548656025     178100      1348
       1455288235     178100      1248
       1461607253     178100      1255
        806362584     178100       627
        869198033     178100       682
        380197271     178100       277
       1494391149     178100      1290
        610426553     178100       460
        665129132     178100       507
       1166651392     178100       958
       1295831613     178100      1085
        527986764     178100       393
        992220910     178100       793
        717249313     178100       551
        361186935     178100       263
       1119363939     178100       912
          4283364     178101         8
        330467629     178110       231
        347711705     178110       242
        353538725     178110       246
        194571416     178110       147
        144302519     178110       115
        481504446     178110       317
        643137939     178110       414
        645247641     178110       415
        581559725     178110       373
        209283345     178110       156
        164969822     178110       127
        220174497     178110       163
        184297194     178110       141
        185447967     178110       142
        879139945     178116       545
        881061408     178116       547
        429170346     178116       268
        430118031     178116       269
        439479546     178116       274
        859192141     178116       532
        250955397     178116       166
        671665834     178116       413
         21914773     178116        17
         37718556     178116        27
        578709524     178116       357
        269546059     178116       178
        501067507     178116       310
         81950543     178116        55
         84417545     178116        56
        323593165     178116       208
        746577763     178116       460
         24022989     178151        52
        501973945     178160       331
        151924066     178160       130
        158976209     178160       134
        432740021     178160       292
        813781805     178160       524
        803976403     178160       517
        106375223     178160       103
        565797545     178160       369
        617951235     178160       400
        401678432     178160       275
        402678395     178160       276
        724146509     178160       466
        724398235     178160       466
        726905401     178160       467
        532508189     178160       349
        759231001     178160       488
        677294780     178160       436
        474609200     178160       316
        578794515     178160       376
        581910950     178160       378
        172263429     178160       142
        439363051     178160       296
        189096765     178162       116
        280392850     178162       169
        100131262     178162        65
        179007864     178162       110
       1112459022     178365       685
        914588953     178365       561
        487536351     178365       302
        490106310     178365       304
       1226901537     178365       751
       1230820912     178365       753
        380136212     178365       244
         95501102     178365        75
        963919284     178365       594
       1628492921     178365       999
        996948727     178365       615
        154461454     178365       109
        739614170     178365       449
        170233220     178365       118
        169884287     178365       118
       1449773702     178365       885
       1521471104     178365       930
       1523245207     178365       931
        849708776     178365       519
        677026392     178365       411
       1049615888     178365       650
        650814310     178365       396
        671819809     178365       408
        587668707     178365       359
        202898521     178365       138
        138392839     178365       100
       1424531490     178365       870
        239351877     178365       160
       1496769771     178365       915
       1204914124     178365       738
        932993162     178365       573
       1514851091     178365       926
        556094394     178365       341
        457382551     178365       286
        629189419     178365       383
        866369700     178365       529
        639049890     178365       389
       1268919943     178365       776
       1249965349     178365       764
       1345255730     178365       821
        512343270     178365       316
        524337691     178365       323
       1443412219     178365       881
       1285455683     178365       785
        972010281     178365       599
       1640673395     178365      1007
       1642235957     178365      1008
        119563749     178365        89
        125410744     178365        92
        699474601     178367       573
        490988606     178367       379
        805343399     178367       671
        155199597     178367       113
        427179073     178367       325
        320935977     178367       239
        326922263     178367       244
        482178977     178367       371
         90041735     178367        66
        579051575     178367       454
        319547591     178367       238
        735802803     178367       606
        765174436     178367       633
        774233101     178367       642
        234521494     178367       174
        174545650     178367       127
        404418400     178367       306
        673030206     178367       540
        679677056     178367       546
        154403363     178367       112
        167215615     178367       122
        813789098     178367       679
         54710546     178380        55
         57875818     178380        58
         76394760     178380        76
         75631904     178380        76
        144446054     178380       144
       1255325834     178421       839
        192835494     178421       168
        340086808     178421       269
         42854917     178421        49
        396094301     178421       303
        404747660     178421       309
        195105884     178421       170
        276540870     178421       230
        303846248     178421       246
       1347511722     178421       901
        143066505     178421       129
        148453949     178421       133
        692343671     178421       497
        363930886     178421       283
        412343757     178421       314
        824222623     178421       574
        849686635     178421       589
        140120960     178421       127
        224710288     178421       191
       1323872569     178421       885
         90308729     178421        88
       1450677304     178421       972
       1547906669     178421      1041
       1551526626     178421      1044
       1061638509     178421       715
        502957667     178421       371
        819078278     178421       571
        757512486     178421       536
         55005266     178421        60
        546359772     178421       399
        576594325     178421       419
       1652167406     178421      1118
        454679966     178421       340
        926459104     178421       633
        929162034     178421       635
        174062606     178421       154
       1176171417     178421       788
        264146056     178421       220
        264638254     178421       221
        267980590     178421       223
        620147176     178421       448
       1194261438     178421       800
        241884392     178421       204
       1025995271     178421       693
       1039120002     178421       701
        865418850     178424       784
         31342525     178424        26
        318274129     178424       263
        701001282     178424       618
        673377334     178424       592
        134378928     178424       108
        119798633     178424        96
        184390027     178424       149
        496548112     178424       424
        785844578     178424       702
        793513942     178424       710
       1156394641     178479       719
        300407316     178479       211
        715109656     178479       444
        915348325     178479       574
        875052518     178479       547
        465941293     178479       299
        545856633     178479       344
        547217236     178479       345
        750294951     178479       466
        761711338     178479       473
        695893734     178479       432
        128842976     178479       111
       1406349218     178479       866
        229621381     178479       172
        229508789     178479       172
         55847913     178479        69
        296345334     178479       209
        330502259     178479       226
       1037327662     178479       652
        684813892     178479       426
       1436379815     178479       884
        438866138     178479       284
       1104533332     178479       690
       1123651056     178479       700
       1171258417     178479       727
        925580511     178479       581
        269922011     178479       195
       1251573116     178479       774
         72606804     178479        78
        182908080     178479       143
       1449041421     178479       892
        595561803     178479       373
        595349884     178479       373
       1320546737     178479       814
         91381342     178703        73
        104266530     178703        81
         63227090     178703        56
        571559717     178708       353
        418499407     178708       253
        333318218     178708       200
        112861657     178708        67
        506491331     178708       310
        508118800     178708       311
        199253073     178708       116
          3504063     178708         6
         11225381     178708        10
        569300619     178708       351
        162150131     178708        95
        144644681     178708        85
        214936241     178712       124
        622225576     178712       374
        199380321     178712       116
        413391083     178712       241
        541065129     178712       322
         88991134     178712        53
        402682119     178712       235
        454423044     178712       267
        358372398     178712       208
        570963980     178712       341
        240872331     178724       167
        348006105     178724       243
         32555606     178731        27
         47849423     178731        38
        251430529     178731       194
         16564232     178738        16
         27091546     178738        24
        164698950     178738       136
        144162659     178738       119
         40502397     178738        35
        243851092     178786       176
        230678205     178786       167
        279678147     178786       198
        281800519     178786       199
        578135333     178803       350
        433227128     178803       269
        643939174     178803       389
        524290952     178803       319
        527067884     178803       321
        732133346     178803       442
        162959579     178803       123
         58222415     178803        63
         99080507     178803        85
        501811501     178803       307
        462515949     178803       285
        476311286     178803       293
        486738538     178803       298
         68190593     178803        68
        383222649     178803       242
        114882239     178803        94
        365785740     178803       233
        269199717     178803       182
        592795901     178803       359
        458271140     178840       287
        875069402     178840       530
         90403661     178840        80
        932745886     178840       566
         60241049     178840        63
        285157097     178840       196
        829380580     178840       502
        625308248     178840       381
        196540258     178840       142
        819851920     178840       496
        321012889     178840       215
         80035474     178840        74
        708461682     178840       429
        522462970     178840       323
         44766142     178854        32
        188621198     178854       116
        290363007     178866       171
        125740581     178866        74
        393987942     178866       234
        543990983     178866       329
        199084028     178866       117
        476104791     178866       285
        140823733     178866        83
        149722705     178866        88
        182943406     178866       107
        368107756     178866       218
        379278302     178866       225
        295962974     178866       174
        656324553     178866       402
        238988875     178866       140
        533571446     178866       322
       1382655140     178871      1123
        624217487     178871       457
        630713557     178871       462
        195370655     178871       137
        198156419     178871       139
        203728758     178871       142
        808828533     178871       606
       1045401734     178871       809
       1049466214     178871       813
       1052023800     178871       815
       1052565933     178871       815
       1449439258     178871      1188
       1069618420     178871       831
        939491742     178871       717
        986966479     178871       758
        789704552     178871       591
        511165441     178871       369
        105316274     178871        74
        407196476     178871       290
        746291905     178871       555
       1145317803     178871       899
          4593347     178871         6
         26393467     178871        20
        895019953     178871       679
        896442445     178871       680
        289838594     178871       204
        220452047     178871       154
       1315277922     178871      1058
       1314845283     178871      1058
        588330282     178871       429
       1282914315     178871      1028
       1288099920     178871      1033
        341833306     178871       242
        344769577     178871       244
        372685730     178871       265
        402003537     178871       286
        848233517     178871       639
        303706859     178920       205
        264481401     178920       181
        366921055     178920       236
        190622205     178920       138
        109766561     178920        92
         39099134     178920        54
         60636494     178920        66
        718868512     178970       434
        658215134     178970       397
        200520513     178970       149
        465448103     178970       287
        162492855     178970       126
        176538282     178970       135
        247492994     178970       173
        387026863     178970       245
        403013791     178970       253
        547986057     178970       333
        742236200     178970       448
         60356429     178970        68
         38019996     178985        24
         61567123     179411        41
        155719118     179411       110
        133788223     179411        92
        120798422     179411        83
        884194135     179434       527
        220818049     179434       129
        217934843     179434       127
        465379326     179434       265
       1082314774     179434       647
        645020273     179434       373
        646872834     179434       374
        691762400     179434       402
        168529788     179434       101
        655003317     179434       379
        939727153     179434       567
        988435166     179434       595
       1233253579     179434       733
        207909611     179434       122
       1017374296     179434       611
        254020059     179434       147
        618896355     179434       357
       1158415663     179434       690
        839095271     179434       497
       1247915674     179434       742
       1067904458     179434       639
       1134593366     179434       676
        152370613     179434        93
        409863533     179434       233
       1047551492     179434       627
        114458801     179434        70
       1107956409     179434       661
       1305708028     179452       927
        170502514     179452       116
        646462528     179452       428
        650467171     179452       431
        714243139     179452       476
        933952439     179452       636
        253939257     179452       169
       1150254448     179452       802
        594353890     179452       392
       1329758256     179452       947
       1459136016     179452      1056
       1567993422     179452      1150
        400352551     179452       263
        402424784     179452       264
       1603342733     179452      1181
       1655991494     179452      1228
        502446166     179452       330
       1616462154     179452      1193
        286319560     179452       189
        121626346     179452        77
        920418334     179452       626
         76514152     179452        50
       1496201592     179452      1088
        418559425     179452       274
        439568599     179452       288
        682183322     179452       453
         33694719     179452        24
        854533572     179452       577
         95368596     179476        89
        122508655     179476       115
         58171224     179476        55
        150177255     179497       128
        221201887     179497       177
        299451582     179497       225
        522054498     179497       354
        453685998     179497       314
        347432235     179497       252
        393765163     179497       279
        364461453     179497       262
        180572826     179497       149
        124630729     179497       110
        229894176     179497       183
        121087031     179497       107
        478176238     179497       328
        180152250     179547       139
        247049006     179547       181
        248656154     179547       182
        398015856     179547       265
        329124073     179547       230
         78283651     179547        78
        156564802     179558        89
        115010948     179558        66
        228028229     179558       129
         61914136     179558        37
         59227970     179558        35
        219306129     179558       124
        136187402     179558        77
        136655255     179558        78
        168872237     179558        96
        199216646     179558       113
        121845592     179563        75
        287281642     179563       177
       1439368502     179563       891
       1044145079     179563       638
       1286443513     179563       791
        864356935     179563       526
        691147324     179563       427
       1546262548     179563       964
       1565684998     179563       979
        725581430     179563       447
        634647635     179563       396
       1789291677     179563      1136
        515731431     179563       327
       1530733640     179563       953
       1396850734     179563       863
        780027653     179563       477
        992746205     179563       607
       1320549763     179563       813
        760311205     179563       466
       1141082557     179563       699
       1166430139     179563       715
       1724848971     179563      1090
       1408778259     179563       871
       1145816451     179563       702
        204161093     179563       126
       1103750777     179563       676
        955980860     179563       585
       1644877235     179563      1034
       1649546614     179563      1037
       1600371188     179563      1003
       1368851650     179563       845
       1186956384     179563       727
        830173285     179563       506
       1000721101     179563       611
       1834270088     179563      1169
       1844992131     179563      1177
        740829264     179889       437
        762457808     179889       450
        762234169     179889       450
         56669144     179889        65
         71667471     179889        73
        665538749     179889       394
        414459057     179889       257
        681173894     179889       403
        165228299     179889       126
        250218169     179889       175
         49384299     179889        61
         86675706     179889        81
        823698546     179889       486
        445752514     179889       274
        795326896     179889       469
        321885466     179889       210
        602165515     179889       358
        685188541     179889       405
        252665564     179889       177
        537165217     179889       322
        634700781     179889       376
        140243879     179889       111
        144822272     179889       114
        147475763     179889       115
        586437925     179889       349
        396727096     179889       248
         88632184     179959        81
        174208763     179977       123
        142852976     179977       103
        149510142     179977       106
        137873585     179977       100
         44048859     179977        47
         48827455     179977        49
        152958136     179977       108
        112649564     180072        94
         37473933     180072        51
         53738941     180072        61
         60415547     180072        64
          8114000     180076         9
          8550612     180076         9
         21404101     180076        16
        125343447     180076        70
        498885052     180076       297
        114907436     180076        65
        356700305     180076       202
        162973853     180093       111
        366940148     180093       225
         38987923     180093        31
         63401590     180093        47
         85985370     180093        61
         42681623     180093        33
        209106283     180093       136
        391945822     180093       243
        661559657     180241       374
         67530122     180241        68
        141291944     180241       107
        143973519     180241       108
        392394275     180241       233
        359636838     180241       217
        238203383     180241       159
         54802694     180241        61
        189288340     180241       136
        517534381     180241       297
        378928086     180241       227
        314018536     180250       178
        366295154     180250       209
        594460551     180250       328
        598193210     180250       330
         10448279     180250        10
        193999366     180250       111
        403009174     180250       231
         49361034     180250        30
        101581152     180250        57
        700146352     180250       383
         34089732     180250        22
        546362759     180250       303
        563828656     180250       312
        733891018     180250       401
        732713498     180250       401
        318036212     180250       181
        901879016     180250       494
        741218990     180250       405
        207289782     180250       118
        608295726     180250       335
        243906630     180250       138
         57107360     180250        34
         58596165     180250        35
         51703103     180250        31
        498413494     180250       279
        640968434     180250       352
        388634896     180250       222
         28700567     180252        21
