           5860579     161223        10
           8594694     163757        12
          15685362     171897        16
          20457232     167151        18
          43568619     166346        55
          66475567     167551        76
          84246401     171876        59
          88047861     171876        62
         102887891     166346        97
         105451680     166374       100
         122679452     171484       126
         153425420     171880       121
         159264494     171219       143
         168825491     171876       119
         170625739     171876       120
         171809662     161311       350
         190943068     171812       158
         196062206     172865       134
         207339930     161223       301
         214746774     171282       154
         216126401     166554       189
         233264774     166408       198
         247930600     171897       237
         250015849     161312       629
         273534261     172635       183
         276287665     171876       206
         283490315     171897       270
         289788152     161311       619
         310760642     161217       352
         313136632     171876       233
         321645749     166895       351
         330409311     167281       259
         343280475     171876       257
         358581664     165548       262
         381834012     171876       286
         390129055     171484       331
         417384094     167913       393
         429788310     166864       431
         459799985     161217       538
         460871414     172400       339
         465745100     171876       354
         506335895     166380       440
         508645380     172802       609
         568125713     161217       679
         569258475     166563       569
         612071349     161217       738
         682306882     171876       507
         695148881     172791       503
         810053206     163817       885
         852226287     163817       935
         940712551     167830       914
        1041992606     166408       827
        1132981655     173692       796
        1133153807     167898       940
        1209388436     166408       971
        1503789984     173692      1071
        1681246663     167898      1455
        1753634318     166512      1602
        1827443894     172868      1396
        2805890069     172822      2230
