
         394145107         176548                 226        
                           
         318728246         176548                 181        
                           
         321006888         176548                 182        
                           
         307682031         176548                 175        
                           
         483165628         176548                 273        
                           
         736752654         176548                 415        
                           
         593197228         176548                 334        
                           
         779755934         176548                 441        
                           
         795175484         176548                 450        
                           
         801212947         176548                 453        
                           
         910714144         176548                 519        
                           
         1354801332        176548                 769        
                           
         1491892707        176548                 843        
                           
         1546219132        176548                 874        
                           
         1754677987        176548                 992        
                           
          1782476953       176548                 1009       
                           
         468255490         176697                 336        
                           
        42747536           176701                 31         
                           
        89549031           176701                 60         
                           
        13029881           176702                 12         
                           
         138015011         176702                 100        
                           
        89394511           176702                 65         
                           
        101260450          176702                 73         
                           
        20380449           175881                 17         
                           
         354731923         176702                 237        
                           
         355267548         176702                 237        
                           
         344498849         176702                 230        
                           
         381142414         176702                 253        
                           
         564037632         176702                 372        
                           
         572061491         176702                 377        
                           
         718678157         176702                 459        
                           
         698647170         176702                 449        
                           
         916459098         176702                 565        
                           
         1026097149        176702                 626        
                           
        152293013          176796                 95         
                           
        81140454           176799                 50         
                           
         392060450         176799                 227        
                           
        18868025           176801                 13         
                           
        29183723           176801                 19         
                           
         185513537         176801                 108        
                           
        154222766          176801                 90         
                           
         260782973         176801                 152        
                           
        25529822           176805                 18         
                           
        72843437           176807                 50         
                           
         376811332         176807                 258        
                           
         216943986         176807                 147        
                           
         334354383         176807                 228        
                           
         191658019         176841                 174        
                           
        36182197           176844                 26         
                           
       1008471             176850                 4          
                           
         249879030         176850                 138        
                           
         344136424         176850                 192        
                           
         523489548         176850                 296        
                           
        117055351          175886                 97         
                           
        68767035           175886                 58         
                           
         458758177         176860                 300        
                           
         612654876         176860                 407        
                           
         183370700         176868                 140        
                           
         318325306         176868                 244        
                           
         366630977         176868                 283        
                           
         522984550         176868                 410        
                           
         586000503         176868                 462        
                           
         611134224         176868                 483        
                           
         153497807         176885                 133        
                           
         234401003         176885                 182        
                           
         276373982         176885                 208        
                           
         301107009         176885                 223        
                           
        85188900           176886                 58         
                           
        132095974          176886                 87         
                           
         893463019         176886                 541        
                           
         292457899         176886                 179        
                           
         385133258         176886                 234        
                           
         397059148         176886                 241        
                           
         417686560         176886                 254        
                           
         433748777         176886                 264        
                           
         971234992         176886                 584        
                           
         994218784         176886                 596        
                           
         243381213         175886                 203        
                           
       6185321             176889                 6          
                           
        40318910           176928                 26         
                           
        140448294          176928                 83         
                           
        147623311          176929                 94         
                           
         514177400         176929                 316        
                           
         319945593         176929                 202        
                           
         445895156         176929                 275        
                           
        72540250           176933                 48         
                           
         163359821         176933                 109        
                           
         195922514         176933                 126        
                           
         276355153         176933                 167        
                           
        84996009           175887                 79         
                           
         519980845         176933                 297        
                           
         545591688         176933                 311        
                           
         555217206         176933                 316        
                           
         694468950         176933                 394        
                           
         741299084         176933                 421        
                           
         217548984         177053                 174        
                           
         269697732         177053                 208        
                           
         238304762         177053                 188        
                           
         392290201         177053                 286        
                           
         549884803         177053                 376        
                           
         608566282         177053                 418        
                           
         694851163         177053                 471        
                           
         764148946         177053                 514        
                           
        18788235           175888                 20         
                           
         1083184088        177053                 683        
                           
         174552585         177095                 142        
                           
        93960572           177131                 91         
                           
         112372409         177138                 110        
                           
         201045098         177141                 133        
                           
         122140084         175888                 119        
                           
         625707246         177141                 423        
                           
         863181382         177141                 596        
                           
        11529782           177183                 10         
                           
        78784426           177183                 52         
                           
         196167025         177183                 122        
                           
         163416057         177183                 105        
                           
         321089474         177183                 192        
                           
         241747901         177183                 147        
                           
         163619355         177201                 143        
                           
         202801125         177201                 170        
                           
         425405302         177201                 320        
                           
        96218321           175888                 94         
                           
         756870663         177201                 525        
                           
         774244576         177201                 535        
                           
         949541568         177201                 642        
                           
         148532398         177222                 118        
                           
         372008121         177222                 246        
                           
         474349372         177222                 312        
                           
         464484828         177222                 306        
                           
        99634543           177319                 61         
                           
        137636301          177319                 83         
                           
         411413582         177319                 254        
                           
         562564889         177319                 356        
                           
        52079997           177449                 65         
                           
         134400194         177449                 114        
                           
         570677209         177449                 381        
                           
         174527231         177449                 138        
                           
         474470334         177449                 323        
                           
         552715560         177449                 370        
                           
         565849108         177449                 378        
                           
        48136127           177452                 35         
                           
         224581110         177452                 155        
                           
        90058060           177718                 92         
                           
         113734779         177718                 107        
                           
         358113864         177718                 240        
                           
         263881054         177718                 188        
                           
         313166150         177718                 215        
                           
         519736161         177718                 332        
                           
         441139266         177718                 286        
                           
         992132627         177718                 614        
                           
         665851152         177718                 421        
                           
         1102032310        177718                 678        
                           
         1105098012        177718                 680        
                           
        43455246           175906                 82         
                           
         92522675          175906                 112        
                           
          1603910765       177718                 1013       
                           
          1669581280       177718                 1059       
                           
          1742101618       177718                 1111       
                           
          1784254016       177718                 1142       
                           
          2151927231       177718                 1430       
                           
          2115845918       177718                 1400       
                           
          2312365906       177718                 1567       
                           
          2353358494       177718                 1603       
                           
          2354510288       177718                 1604       
                           
         188370418         175906                 168        
                           
        99676563           177719                 94         
                           
         293334073         177719                 287        
                           
         465332403         177719                 463        
                           
         522996493         177719                 524        
                           
         532635479         177719                 534        
                           
        110325245          177730                 93         
                           
         146296630         177730                 115        
                           
         161006007         177730                 124        
                           
         231642403         177730                 168        
                           
         260005748         177730                 186        
                           
        60577702           175921                 79         
                           
        73532079           175921                 86         
                           
         335447683         177730                 231        
                           
         338198196         177730                 233        
                           
         414026340         177730                 274        
                           
         414364608         177730                 275        
                           
         521535257         177730                 336        
                           
         534562904         177730                 344        
                           
         785211515         177730                 486        
                           
         1051540660        177730                 630        
                           
         1242383013        177730                 741        
                           
         1277804892        177730                 762        
                           
         1327882019        177730                 792        
                           
         1378823026        177730                 823        
                           
         1433079204        177730                 857        
                           
         1362568999        177730                 813        
                           
         1438740601        177730                 861        
                           
         1526413020        177730                 917        
                           
         1554231060        177730                 935        
                           
         1610162017        177730                 972        
                           
         1551528268        177730                 933        
                           
         1601271305        177730                 966        
                           
          1702117554       177730                 1034       
                           
          1733128088       177730                 1055       
                           
          1939656581       177730                 1206       
                           
          1857384979       177730                 1145       
                           
          1930669254       177730                 1199       
                           
          2114643264       177730                 1339       
                           
          2128459005       177730                 1350       
                           
          2383880721       177730                 1561       
                           
          2396057943       177730                 1571       
                           
          2528613295       177730                 1688       
                           
          2571801767       177730                 1727       
                           
         413183336         175921                 294        
                           
          2879412724       177730                 2026       
                           
          2977127216       177730                 2127       
                           
          3037718903       177730                 2192       
                           
        21485205           177788                 24         
                           
        26485649           177789                 22         
                           
        107045871          177789                 78         
                           
        28233195           177790                 24         
                           
         264857972         177790                 201        
                           
         294448656         177790                 225        
                           
         495880738         177790                 388        
                           
         424744770         177790                 329        
                           
         458425167         177790                 357        
                           
         471328024         177790                 368        
                           
         518691817         177790                 408        
                           
         672272645         177790                 540        
                           
         680549554         177790                 547        
                           
        45250075           177791                 44         
                           
        91800684           177791                 92         
                           
         115084358         177875                 112        
                           
         140069095         177875                 127        
                           
         590267759         177875                 398        
                           
         306637295         177875                 222        
                           
         328771306         177875                 235        
                           
         405553111         177875                 281        
                           
         532211738         175921                 376        
                           
         605214664         177875                 408        
                           
         660683397         177875                 446        
                           
         744219500         177875                 500        
                           
         878717591         177875                 579        
                           
        82578713           178099                 55         
                           
        151251072          178099                 99         
                           
        81432970           178100                 59         
                           
         430520955         178100                 316        
                           
         248528538         178100                 179        
                           
         218450648         178100                 157        
                           
         380197271         178100                 277        
                           
         216186867         175973                 158        
                           
         350683299         175973                 264        
                           
         246475457         175973                 181        
                           
         527986764         178100                 393        
                           
         665129132         178100                 507        
                           
         855418413         178100                 670        
                           
         806362584         178100                 627        
                           
          1455288235       178100                 1248       
                           
          1467319828       178100                 1261       
                           
          1471770354       178100                 1266       
                           
       4283364             178101                 8          
                           
         209283345         178110                 156        
                           
         220174497         178110                 163        
                           
         347711705         178110                 242        
                           
         353538725         178110                 246        
                           
         481504446         178110                 317        
                           
         581559725         178110                 373        
                           
         643137939         178110                 414        
                           
         645247641         178110                 415        
                           
        37718556           178116                 27         
                           
        81950543           178116                 55         
                           
       5132462             175975                 7          
                           
         323593165         178116                 208        
                           
         429170346         178116                 268        
                           
         501067507         178116                 310        
                           
         578709524         178116                 357        
                           
         671665834         178116                 413        
                           
         879139945         178116                 545        
                           
         746577763         178116                 460        
                           
         859192141         178116                 532        
                           
         172263429         178160                 142        
                           
         106375223         178160                 103        
                           
        86085068           175975                 82         
                           
         116108171         175975                 110        
                           
         432740021         178160                 292        
                           
         474609200         178160                 316        
                           
         501973945         178160                 331        
                           
         565797545         178160                 369        
                           
         578794515         178160                 376        
                           
         581910950         178160                 378        
                           
         617951235         178160                 400        
                           
         677294780         178160                 436        
                           
         724398235         178160                 466        
                           
        100131262          178162                 65         
                           
         179007864         178162                 110        
                           
         189096765         178162                 116        
                           
         280392850         178162                 169        
                           
         155199597         178367                 113        
                           
         319547591         178367                 238        
                           
         427179073         178367                 325        
                           
         735802803         178367                 606        
                           
         482178977         178367                 371        
                           
         579051575         178367                 454        
                           
         679677056         178367                 546        
                           
         699474601         178367                 573        
                           
        54710546           178380                 55         
                           
        57875818           178380                 58         
                           
        75631904           178380                 76         
                           
        34878962           176797                 23         
                           
         268771974         176797                 170        
                           
        65971787           177074                 71         
                           
         151274085         177074                 124        
                           
         176100768         175975                 169        
                           
         354616672         175975                 268        
                           
         234650029         177074                 178        
                           
         460582958         177074                 309        
                           
         838991491         177074                 529        
                           
         1085474694        177074                 664        
                           
         1217045686        177074                 737        
                           
       7052711             177096                 7          
                           
         169740301         177096                 111        
                           
        113331334          177096                 76         
                           
        115940070          177096                 77         
                           
        124094910          177096                 82         
                           
         539137396         175975                 373        
                           
       7827615             177139                 8          
                           
        32351910           177139                 22         
                           
        54563940           177139                 35         
                           
        128605993          177139                 78         
                           
         400393636         177139                 254        
                           
         419711534         177139                 267        
                           
         613857152         177139                 380        
                           
         711282891         177139                 438        
                           
         848307687         177139                 523        
                           
         898295037         177139                 550        
                           
         914831389         177139                 558        
                           
         989723474         177139                 595        
                           
        114472835          177140                 62         
                           
         500972700         177140                 272        
                           
        79308723           175976                 49         
                           
         357500143         177140                 192        
                           
         414390000         177140                 224        
                           
         431653678         177140                 233        
                           
         752050359         177140                 419        
                           
         648553364         177140                 357        
                           
         711875592         177140                 396        
                           
         791875865         177140                 443        
                           
         729039916         177140                 406        
                           
         125905273         177782                 132        
                           
         301943896         177783                 184        
                           
         447037584         177783                 275        
                           
         276310740         177783                 167        
                           
         285096553         177783                 173        
                           
         321166808         177783                 196        
                           
         525897829         177783                 319        
                           
         371298101         177878                 241        
                           
         640511070         177878                 433        
                           
         724668466         177878                 497        
                           
         774980992         177878                 536        
                           
         842576081         177878                 590        
                           
         957566084         177878                 684        
                           
         1022663722        177878                 738        
                           
         1036323987        177878                 750        
                           
         1122554140        177878                 824        
                           
        110829106          178098                 73         
                           
        145110619          178098                 94         
                           
         589419360         178098                 363        
                           
         515725955         178098                 318        
                           
         519043482         178098                 320        
                           
         637615615         178098                 393        
                           
         747401710         178098                 464        
                           
         731578346         178098                 454        
                           
         831609894         178098                 516        
                           
         869345772         178098                 537        
                           
         871263367         178098                 538        
                           
         979450436         178098                 603        
                           
         989046527         178098                 608        
                           
         1050338979        178098                 645        
                           
        71957272           176023                 77         
                           
         113611565         176023                 104        
                           
        119563749          178365                 89         
                           
         138392839         178365                 100        
                           
         170233220         178365                 118        
                           
         169884287         178365                 118        
                           
         457382551         178365                 286        
                           
         487536351         178365                 302        
                           
         524337691         178365                 323        
                           
         677026392         178365                 411        
                           
         587668707         178365                 359        
                           
         629189419         178365                 383        
                           
         650814310         178365                 396        
                           
         739614170         178365                 449        
                           
         932993162         178365                 573        
                           
         849708776         178365                 519        
                           
         914588953         178365                 561        
                           
         996948727         178365                 615        
                           
         1112459022        178365                 685        
                           
         1049615888        178365                 650        
                           
         1226901537        178365                 751        
                           
         1230820912        178365                 753        
                           
         1249965349        178365                 764        
                           
        18396477           176163                 13         
                           
        19147945           176163                 14         
                           
         1496769771        178365                 915        
                           
         1521471104        178365                 930        
                           
         1523245207        178365                 931        
                           
          1640673395       178365                 1007       
                           
          1642235957       178365                 1008       
                           
       2267146             176169                 5          
                           
        93846595           176169                 64         
                           
         124906735         176201                 104        
                           
         254003470         176201                 179        
                           
         383148086         176201                 249        
                           
         392127961         176201                 254        
                           
         591018898         176201                 371        
                           
         703947306         176201                 439        
                           
         940586365         176201                 591        
                           
        10497373           176202                 10         
                           
        124236423          176202                 91         
                           
         216318600         176202                 160        
                           
         336225484         176202                 252        
                           
         228039404         176202                 169        
                           
        20848443           176206                 20         
                           
        62359184           176207                 55         
                           
        14630753           176207                 15         
                           
         133139183         176207                 113        
                           
        100755518          176286                 96         
                           
         255792633         176286                 195        
                           
         175863213         176286                 147        
                           
         421481647         175866                 494        
                           
         182428120         176286                 151        
                           
         218146916         176286                 174        
                           
         261665915         176286                 199        
                           
         294528559         176286                 218        
                           
        78493383           176289                 58         
                           
         137963246         176304                 138        
                           
         260963220         176304                 212        
                           
         325642678         176304                 247        
                           
         746847514         176304                 501        
                           
         526622284         176304                 363        
                           
        10690853           176308                 10         
                           
         166328846         175866                 183        
                           
         341255214         176308                 257        
                           
        40528413           176308                 31         
                           
         270271699         176308                 202        
                           
         148144860         176308                 109        
                           
         522833492         176309                 430        
                           
         312803159         176309                 265        
                           
        15433654           176309                 15         
                           
         513532091         176309                 423        
                           
         291591778         176309                 249        
                           
         602222007         176309                 492        
                           
         220226379         175866                 246        
                           
          1453602207       176309                 1018       
                           
         686516029         176309                 546        
                           
         1177051976        176309                 851        
                           
         779857968         176309                 608        
                           
         801947055         176309                 622        
                           
         899278508         176309                 689        
                           
         1300245961        176309                 926        
                           
         362723673         175866                 420        
                           
          2106139660       176309                 1423       
                           
          2306031380       176309                 1554       
                           
          2249601167       176309                 1516       
                           
          2298779650       176309                 1549       
                           
          2370941578       176309                 1597       
                           
          2383059065       176309                 1606       
                           
          2399962174       176309                 1617       
                           
        70813778           176467                 49         
                           
        51135826           176468                 32         
                           
        55679735           176468                 35         
                           
        45954380           176468                 29         
                           
        132316307          176468                 79         
                           
        46135082           176547                 34         
                           
         214685473         176547                 123        
                           
         258232024         176547                 147        
                           
         298954335         176547                 170        
                           
        30686534           175873                 21         
                           
         188621198         178854                 116        
                           
        125740581          178866                 74         
                           
         238988875         178866                 140        
                           
         290363007         178866                 171        
                           
         393987942         178866                 234        
                           
         543990983         178866                 329        
                           
        26393467           178871                 20         
                           
         195370655         178871                 137        
                           
         203728758         178871                 142        
                           
        105316274          178871                 74         
                           
         926459104         178421                 633        
                           
         289838594         178871                 204        
                           
         344769577         178871                 244        
                           
         372685730         178871                 265        
                           
         402003537         178871                 286        
                           
         1145317803        178871                 899        
                           
         588330282         178871                 429        
                           
         630713557         178871                 462        
                           
         808828533         178871                 606        
                           
         929162034         178421                 635        
                           
         895019953         178871                 679        
                           
         986966479         178871                 758        
                           
         1069618420        178871                 831        
                           
          1315277922       178871                 1058       
                           
          1314845283       178871                 1058       
                           
          1449439258       178871                 1188       
                           
        39099134           178920                 54         
                           
        60636494           178920                 66         
                           
         1061638509        178421                 715        
                           
         1025995271        178421                 693        
                           
         190622205         178920                 138        
                           
         303706859         178920                 205        
                           
         264481401         178920                 181        
                           
         366921055         178920                 236        
                           
        60356429           178970                 68         
                           
         162492855         178970                 126        
                           
         387026863         178970                 245        
                           
         403013791         178970                 253        
                           
         658215134         178970                 397        
                           
         742236200         178970                 448        
                           
        61567123           179411                 41         
                           
        133788223          179411                 92         
                           
        152370613          179434                 93         
                           
         168529788         179434                 101        
                           
         465379326         179434                 265        
                           
         1176171417        178421                 788        
                           
         939727153         179434                 567        
                           
         618896355         179434                 357        
                           
         645020273         179434                 373        
                           
         691762400         179434                 402        
                           
         839095271         179434                 497        
                           
         1067904458        179434                 639        
                           
         884194135         179434                 527        
                           
         1247915674        179434                 742        
                           
         1047551492        179434                 627        
                           
         1082314774        179434                 647        
                           
         1233253579        179434                 733        
                           
        33694719           179452                 24         
                           
        76514152           179452                 50         
                           
         1255325834        178421                 839        
                           
        121626346          179452                 77         
                           
         170502514         179452                 116        
                           
         253939257         179452                 169        
                           
         418559425         179452                 274        
                           
         502446166         179452                 330        
                           
         650467171         179452                 431        
                           
         1323872569        178421                 885        
                           
         1347511722        178421                 901        
                           
         933952439         179452                 636        
                           
         1305708028        179452                 927        
                           
          1616462154       179452                 1193       
                           
          1603342733       179452                 1181       
                           
        58171224           179476                 55         
                           
        95368596           179476                 89         
                           
         150177255         179497                 128        
                           
         121087031         179497                 107        
                           
         124630729         179497                 110        
                           
         229894176         179497                 183        
                           
         180572826         179497                 149        
                           
         453685998         179497                 314        
                           
         522054498         179497                 354        
                           
         180152250         179547                 139        
                           
         247049006         179547                 181        
                           
         329124073         179547                 230        
                           
        61914136           179558                 37         
                           
         219306129         179558                 124        
                           
        168872237          179558                 96         
                           
         199216646         179558                 113        
                           
         228028229         179558                 129        
                           
          1844992131       179563                 1177       
                           
         204161093         179563                 126        
                           
          1547906669       178421                 1041       
                           
        42854917           178421                 49         
                           
        55005266           178421                 60         
                           
         725581430         179563                 447        
                           
         864356935         179563                 526        
                           
         830173285         179563                 506        
                           
         1000721101        179563                 611        
                           
         955980860         179563                 585        
                           
         1103750777        179563                 676        
                           
         992746205         179563                 607        
                           
         1286443513        179563                 791        
                           
         1141082557        179563                 699        
                           
         1186956384        179563                 727        
                           
         1439368502        179563                 891        
                           
         1408778259        179563                 871        
                           
         1530733640        179563                 953        
                           
         1546262548        179563                 964        
                           
         1565684998        179563                 979        
                           
          1644877235       179563                 1034       
                           
          1649546614       179563                 1037       
                           
          1789291677       179563                 1136       
                           
        71667471           179889                 73         
                           
        86675706           179889                 81         
                           
         140243879         179889                 111        
                           
         144822272         179889                 114        
                           
         321885466         179889                 210        
                           
         602165515         179889                 358        
                           
         537165217         179889                 322        
                           
         586437925         179889                 349        
                           
         634700781         179889                 376        
                           
         681173894         179889                 403        
                           
         762457808         179889                 450        
                           
         795326896         179889                 469        
                           
         823698546         179889                 486        
                           
        31342525           178424                 26         
                           
         184390027         178424                 149        
                           
         318274129         178424                 263        
                           
        90308729           178421                 88         
                           
         793513942         178424                 710        
                           
        55847913           178479                 69         
                           
         269922011         178479                 195        
                           
         296345334         178479                 209        
                           
         330502259         178479                 226        
                           
         300407316         178479                 211        
                           
         547217236         178479                 345        
                           
         465941293         178479                 299        
                           
         595561803         178479                 373        
                           
         595349884         178479                 373        
                           
         224710288         178421                 191        
                           
         684813892         178479                 426        
                           
         761711338         178479                 473        
                           
         715109656         178479                 444        
                           
         925580511         178479                 581        
                           
         875052518         178479                 547        
                           
         1104533332        178479                 690        
                           
         1171258417        178479                 727        
                           
         1406349218        178479                 866        
                           
         1436379815        178479                 884        
                           
         1449041421        178479                 892        
                           
         195105884         178421                 170        
                           
         276540870         178421                 230        
                           
         303846248         178421                 246        
                           
         264638254         178421                 221        
                           
        63227090           178703                 56         
                           
        91381342           178703                 73         
                           
       3504063             178708                 6          
                           
        11225381           178708                 10         
                           
         199253073         178708                 116        
                           
        144644681          178708                 85         
                           
         333318218         178708                 200        
                           
         571559717         178708                 353        
                           
         418499407         178708                 253        
                           
         506491331         178708                 310        
                           
         508118800         178708                 311        
                           
         569300619         178708                 351        
                           
         340086808         178421                 269        
                           
         358372398         178712                 208        
                           
         454423044         178712                 267        
                           
         402682119         178712                 235        
                           
         541065129         178712                 322        
                           
         570963980         178712                 341        
                           
         622225576         178712                 374        
                           
         396094301         178421                 303        
                           
         412343757         178421                 314        
                           
        32555606           178731                 27         
                           
        16564232           178738                 16         
                           
        40502397           178738                 35         
                           
         144162659         178738                 119        
                           
         164698950         178738                 136        
                           
         502957667         178421                 371        
                           
         279678147         178786                 198        
                           
         281800519         178786                 199        
                           
        68190593           178803                 68         
                           
        114882239          178803                 94         
                           
         269199717         178803                 182        
                           
         524290952         178803                 319        
                           
         527067884         178803                 321        
                           
         476311286         178803                 293        
                           
         486738538         178803                 298        
                           
         501811501         178803                 307        
                           
         592795901         178803                 359        
                           
         643939174         178803                 389        
                           
        60241049           178840                 63         
                           
        80035474           178840                 74         
                           
         546359772         178421                 399        
                           
         620147176         178421                 448        
                           
         285157097         178840                 196        
                           
         321012889         178840                 215        
                           
         819851920         178840                 496        
                           
         829380580         178840                 502        
                           
         932745886         178840                 566        
                           
        44766142           178854                 32         
                           
         757512486         178421                 536        
                           
        85985370           180093                 61         
                           
         162973853         180093                 111        
                           
        54802694           180241                 61         
                           
        67530122           180241                 68         
                           
         141291944         180241                 107        
                           
         189288340         180241                 136        
                           
         359636838         180241                 217        
                           
         378928086         180241                 227        
                           
        88632184           179959                 81         
                           
        44048859           179977                 47         
                           
        34089732           180250                 22         
                           
        49361034           180250                 30         
                           
        58596165           180250                 35         
                           
         193999366         180250                 111        
                           
         207289782         180250                 118        
                           
         243906630         180250                 138        
                           
         314018536         180250                 178        
                           
         366295154         180250                 209        
                           
         388634896         180250                 222        
                           
         403009174         180250                 231        
                           
         546362759         180250                 303        
                           
         640968434         180250                 352        
                           
         142852976         179977                 103        
                           
         149510142         179977                 106        
                           
         174208763         179977                 123        
                           
         700146352         180250                 383        
                           
         741218990         180250                 405        
                           
       8550612             180076                 9          
                           
        21404101           180076                 16         
                           
         356700305         180076                 202        
                           
         498885052         180076                 297        
