
177074                   71                   65971787          

177074                   124                   151274085        

177074                   178                   234650029        

177074                   309                   460582958        

177074                   529                   838991491        

175975                   373                   539137396        

177074                   664                   1085474694       

177074                   737                   1217045686       

177095                   142                   174552585        

177139                   8                   7827615            

177139                   22                   32351910          

177139                   35                   54563940          

177139                   78                   128605993         

177139                   254                   400393636        

177139                   267                   419711534        

177139                   380                   613857152        

177139                   438                   711282891        

177139                   523                   848307687        

177139                   550                   898295037        

177139                   558                   914831389        

177139                   595                   989723474        

176163                   13                   18396477          

176163                   14                   19147945          

177718                   92                   90058060          

177718                   107                   113734779        

177718                   240                   358113864        

177718                   188                   263881054        

177718                   215                   313166150        

177718                   332                   519736161        

177718                   286                   441139266        

177718                   614                   992132627        

177718                   421                   665851152        

176169                   5                   2267146            

177718                   678                   1102032310       

177718                   680                   1105098012       

177718                   1013                   1603910765      

177718                   1059                   1669581280      

177718                   1111                   1742101618      

177718                   1142                   1784254016      

177718                   1430                   2151927231      

176169                   64                   93846595          

177718                   1400                   2115845918      

177718                   1567                   2312365906      

177718                   1603                   2353358494      

177718                   1604                   2354510288      

178101                   8                   4283364            

178365                   89                   119563749         

178365                   100                   138392839        

178365                   118                   170233220        

178365                   118                   169884287        

176207                   55                   62359184          

178365                   286                   457382551        

178365                   302                   487536351        

178365                   323                   524337691        

178365                   411                   677026392        

178365                   359                   587668707        

178365                   383                   629189419        

178365                   396                   650814310        

178365                   449                   739614170        

178365                   573                   932993162        

178365                   519                   849708776        

178365                   561                   914588953        

178365                   615                   996948727        

178365                   685                   1112459022       

178365                   650                   1049615888       

176207                   15                   14630753          

178365                   751                   1226901537       

178365                   753                   1230820912       

178365                   764                   1249965349       

178365                   915                   1496769771       

178365                   930                   1521471104       

178365                   931                   1523245207       

178365                   1007                   1640673395      

178365                   1008                   1642235957      

178380                   55                   54710546          

178380                   58                   57875818          

178380                   76                   75631904          

176207                   113                   133139183        

175866                   494                   421481647        

175866                   183                   166328846        

175866                   246                   220226379        

175866                   420                   362723673        

175873                   21                   30686534          

175881                   17                   20380449          

175886                   97                   117055351         

175886                   58                   68767035          

175886                   203                   243381213        

176309                   430                   522833492        

175887                   79                   84996009          

175888                   20                   18788235          

175888                   119                   122140084        

175888                   94                   96218321          

176309                   265                   312803159        

176309                   15                   15433654          

175921                   79                   60577702          

175921                   86                   73532079          

175921                   294                   413183336        

175921                   376                   532211738        

175973                   158                   216186867        

175973                   264                   350683299        

175973                   181                   246475457        

176309                   423                   513532091        

175976                   49                   79308723          

176023                   77                   71957272          

176023                   104                   113611565        

176201                   104                   124906735        

176201                   179                   254003470        

176201                   249                   383148086        

176201                   254                   392127961        

176201                   371                   591018898        

176201                   439                   703947306        

176201                   591                   940586365        

176202                   10                   10497373          

176202                   91                   124236423         

176202                   160                   216318600        

176202                   252                   336225484        

176202                   169                   228039404        

176206                   20                   20848443          

176286                   96                   100755518         

176286                   195                   255792633        

176286                   147                   175863213        

176286                   151                   182428120        

176286                   174                   218146916        

176286                   199                   261665915        

176286                   218                   294528559        

176289                   58                   78493383          

176304                   138                   137963246        

176304                   212                   260963220        

176304                   247                   325642678        

176304                   501                   746847514        

176304                   363                   526622284        

176309                   249                   291591778        

176308                   10                   10690853          

176308                   257                   341255214        

176308                   31                   40528413          

176308                   202                   270271699        

176308                   109                   148144860        

176467                   49                   70813778          

176547                   34                   46135082          

176547                   123                   214685473        

176547                   147                   258232024        

176547                   170                   298954335        

176697                   336                   468255490        

176702                   12                   13029881          

176702                   100                   138015011        

176702                   65                   89394511          

176702                   73                   101260450         

176309                   492                   602222007        

176702                   237                   354731923        

176702                   237                   355267548        

176702                   230                   344498849        

176702                   253                   381142414        

176702                   372                   564037632        

176702                   377                   572061491        

176702                   459                   718678157        

176702                   449                   698647170        

176702                   565                   916459098        

176702                   626                   1026097149       

176797                   23                   34878962          

176797                   170                   268771974        

176801                   13                   18868025          

176801                   19                   29183723          

176309                   1018                   1453602207      

176801                   108                   185513537        

176801                   90                   154222766         

176801                   152                   260782973        

176807                   50                   72843437          

176807                   258                   376811332        

176807                   147                   216943986        

176807                   228                   334354383        

176841                   174                   191658019        

176844                   26                   36182197          

176885                   133                   153497807        

176885                   182                   234401003        

176885                   208                   276373982        

176885                   223                   301107009        

176886                   58                   85188900          

176886                   87                   132095974         

176309                   546                   686516029        

176886                   541                   893463019        

176886                   179                   292457899        

176886                   234                   385133258        

176886                   241                   397059148        

176886                   254                   417686560        

176886                   264                   433748777        

176886                   584                   971234992        

176886                   596                   994218784        

176889                   6                   6185321            

176928                   26                   40318910          

176928                   83                   140448294         

176929                   94                   147623311         

176929                   316                   514177400        

176929                   202                   319945593        

176929                   275                   445895156        

176933                   48                   72540250          

176933                   109                   163359821        

176933                   126                   195922514        

176933                   167                   276355153        

176933                   297                   519980845        

176933                   311                   545591688        

176933                   316                   555217206        

176933                   394                   694468950        

176933                   421                   741299084        

177053                   174                   217548984        

177053                   208                   269697732        

177053                   188                   238304762        

177053                   286                   392290201        

176309                   851                   1177051976       

177053                   376                   549884803        

177053                   418                   608566282        

177053                   471                   694851163        

177053                   514                   764148946        

177053                   683                   1083184088       

177096                   7                   7052711            

177096                   111                   169740301        

176309                   608                   779857968        

176309                   622                   801947055        

177096                   76                   113331334         

177096                   77                   115940070         

177096                   82                   124094910         

177131                   91                   93960572          

177138                   110                   112372409        

177140                   62                   114472835         

177140                   272                   500972700        

177140                   192                   357500143        

177140                   224                   414390000        

177140                   233                   431653678        

177140                   419                   752050359        

177140                   357                   648553364        

177140                   396                   711875592        

177140                   443                   791875865        

177140                   406                   729039916        

177141                   133                   201045098        

176309                   689                   899278508        

177141                   423                   625707246        

177141                   596                   863181382        

177183                   10                   11529782          

177183                   52                   78784426          

177183                   122                   196167025        

177183                   105                   163416057        

177183                   192                   321089474        

177183                   147                   241747901        

177201                   143                   163619355        

176309                   926                   1300245961       

177201                   170                   202801125        

177201                   320                   425405302        

177201                   525                   756870663        

177201                   535                   774244576        

177201                   642                   949541568        

175906                   82                   43455246          

175906                   112                   92522675         

177222                   118                   148532398        

177222                   246                   372008121        

177222                   312                   474349372        

177222                   306                   464484828        

177319                   61                   99634543          

177319                   83                   137636301         

177319                   254                   411413582        

177319                   356                   562564889        

177449                   65                   52079997          

177449                   114                   134400194        

177449                   381                   570677209        

177449                   138                   174527231        

177449                   323                   474470334        

177449                   370                   552715560        

177449                   378                   565849108        

177452                   35                   48136127          

177452                   155                   224581110        

177719                   94                   99676563          

177719                   287                   293334073        

177719                   463                   465332403        

177719                   524                   522996493        

177719                   534                   532635479        

177730                   93                   110325245         

177730                   115                   146296630        

177730                   124                   161006007        

177730                   168                   231642403        

177730                   186                   260005748        

177730                   231                   335447683        

177730                   233                   338198196        

177730                   274                   414026340        

177730                   275                   414364608        

177730                   336                   521535257        

177730                   344                   534562904        

177730                   486                   785211515        

177730                   630                   1051540660       

177730                   741                   1242383013       

177730                   762                   1277804892       

177730                   792                   1327882019       

177730                   823                   1378823026       

177730                   857                   1433079204       

177730                   813                   1362568999       

176309                   1423                   2106139660      

176309                   1554                   2306031380      

177730                   861                   1438740601       

177730                   917                   1526413020       

177730                   935                   1554231060       

177730                   972                   1610162017       

177730                   933                   1551528268       

177730                   966                   1601271305       

177730                   1034                   1702117554      

177730                   1055                   1733128088      

177730                   1206                   1939656581      

177730                   1145                   1857384979      

177730                   1199                   1930669254      

177730                   1339                   2114643264      

177730                   1350                   2128459005      

176309                   1516                   2249601167      

177730                   1561                   2383880721      

177730                   1571                   2396057943      

177730                   1688                   2528613295      

177730                   1727                   2571801767      

177730                   2026                   2879412724      

176309                   1549                   2298779650      

176309                   1597                   2370941578      

176309                   1606                   2383059065      

176309                   1617                   2399962174      

177730                   2127                   2977127216      

177730                   2192                   3037718903      

177782                   132                   125905273        

177783                   184                   301943896        

177783                   275                   447037584        

177783                   167                   276310740        

176468                   32                   51135826          

176468                   35                   55679735          

176468                   29                   45954380          

177783                   173                   285096553        

177783                   196                   321166808        

177783                   319                   525897829        

177788                   24                   21485205          

177789                   22                   26485649          

177789                   78                   107045871         

177790                   24                   28233195          

177790                   201                   264857972        

177790                   225                   294448656        

176468                   79                   132316307         

177790                   388                   495880738        

177790                   329                   424744770        

177790                   357                   458425167        

177790                   368                   471328024        

177790                   408                   518691817        

177790                   540                   672272645        

177790                   547                   680549554        

177791                   44                   45250075          

177791                   92                   91800684          

177875                   112                   115084358        

177875                   127                   140069095        

177875                   398                   590267759        

177875                   222                   306637295        

177875                   235                   328771306        

177875                   281                   405553111        

177875                   408                   605214664        

177875                   446                   660683397        

177875                   500                   744219500        

177875                   579                   878717591        

177878                   241                   371298101        

177878                   433                   640511070        

177878                   497                   724668466        

177878                   536                   774980992        

177878                   590                   842576081        

177878                   684                   957566084        

177878                   738                   1022663722       

177878                   750                   1036323987       

177878                   824                   1122554140       

178098                   73                   110829106         

178098                   94                   145110619         

178098                   363                   589419360        

178098                   318                   515725955        

178098                   320                   519043482        

178098                   393                   637615615        

178098                   464                   747401710        

178098                   454                   731578346        

178098                   516                   831609894        

178098                   537                   869345772        

178098                   538                   871263367        

178098                   603                   979450436        

178098                   608                   989046527        

178098                   645                   1050338979       

178099                   55                   82578713          

178099                   99                   151251072         

176548                   226                   394145107        

178100                   59                   81432970          

178100                   316                   430520955        

178100                   179                   248528538        

178100                   157                   218450648        

178100                   277                   380197271        

178100                   393                   527986764        

178100                   507                   665129132        

178100                   670                   855418413        

176548                   181                   318728246        

176548                   182                   321006888        

178100                   627                   806362584        

176548                   175                   307682031        

176548                   273                   483165628        

178100                   1248                   1455288235      

178100                   1261                   1467319828      

178100                   1266                   1471770354      

178110                   156                   209283345        

178110                   163                   220174497        

178110                   242                   347711705        

178110                   246                   353538725        

178110                   317                   481504446        

178110                   373                   581559725        

178110                   414                   643137939        

178110                   415                   645247641        

178116                   27                   37718556          

178116                   55                   81950543          

178116                   208                   323593165        

178116                   268                   429170346        

178116                   310                   501067507        

178116                   357                   578709524        

176548                   415                   736752654        

176548                   334                   593197228        

178116                   413                   671665834        

178116                   545                   879139945        

178116                   460                   746577763        

178116                   532                   859192141        

178160                   142                   172263429        

178160                   103                   106375223        

178160                   292                   432740021        

178160                   316                   474609200        

178160                   331                   501973945        

178160                   369                   565797545        

178160                   376                   578794515        

178160                   378                   581910950        

178160                   400                   617951235        

178160                   436                   677294780        

178160                   466                   724398235        

178162                   65                   100131262         

178162                   110                   179007864        

178162                   116                   189096765        

178162                   169                   280392850        

178367                   113                   155199597        

176548                   441                   779755934        

176548                   450                   795175484        

176548                   453                   801212947        

175906                   168                   188370418        

175975                   7                   5132462            

178367                   238                   319547591        

178367                   325                   427179073        

178367                   606                   735802803        

178367                   371                   482178977        

178367                   454                   579051575        

178367                   546                   679677056        

178367                   573                   699474601        

176548                   519                   910714144        

176548                   769                   1354801332       

176548                   843                   1491892707       

176548                   874                   1546219132       

176548                   992                   1754677987       

176548                   1009                   1782476953      

176701                   31                   42747536          

175975                   82                   86085068          

176701                   60                   89549031          

176796                   95                   152293013         

176799                   50                   81140454          

176799                   227                   392060450        

176805                   18                   25529822          

176850                   4                   1008471            

175975                   110                   116108171        

176850                   138                   249879030        

176850                   192                   344136424        

176850                   296                   523489548        

176860                   300                   458758177        

176860                   407                   612654876        

176868                   140                   183370700        

176868                   244                   318325306        

176868                   283                   366630977        

176868                   410                   522984550        

176868                   462                   586000503        

176868                   483                   611134224        

175975                   169                   176100768        

175975                   268                   354616672        

178854                   32                   44766142          

178854                   116                   188621198        

178866                   74                   125740581         

178866                   140                   238988875        

178866                   171                   290363007        

178866                   234                   393987942        

178866                   329                   543990983        

179411                   92                   133788223         

178871                   20                   26393467          

178871                   137                   195370655        

178871                   142                   203728758        

178871                   74                   105316274         

178871                   204                   289838594        

178871                   244                   344769577        

178871                   265                   372685730        

178871                   286                   402003537        

178871                   899                   1145317803       

178871                   429                   588330282        

178871                   462                   630713557        

178421                   49                   42854917          

178421                   60                   55005266          

178421                   88                   90308729          

178871                   606                   808828533        

178871                   679                   895019953        

178871                   758                   986966479        

178871                   831                   1069618420       

178871                   1058                   1315277922      

178871                   1058                   1314845283      

178871                   1188                   1449439258      

178421                   191                   224710288        

178920                   54                   39099134          

178920                   66                   60636494          

178920                   138                   190622205        

178920                   205                   303706859        

178920                   181                   264481401        

178920                   236                   366921055        

178970                   68                   60356429          

178970                   126                   162492855        

178970                   245                   387026863        

178970                   253                   403013791        

178421                   170                   195105884        

178970                   397                   658215134        

178970                   448                   742236200        

179434                   93                   152370613         

179434                   101                   168529788        

179434                   265                   465379326        

178421                   230                   276540870        

178421                   246                   303846248        

178421                   221                   264638254        

179434                   567                   939727153        

179434                   357                   618896355        

179434                   373                   645020273        

179434                   402                   691762400        

179434                   497                   839095271        

179434                   639                   1067904458       

179434                   527                   884194135        

179434                   742                   1247915674       

179434                   627                   1047551492       

179434                   647                   1082314774       

179434                   733                   1233253579       

179452                   24                   33694719          

179452                   50                   76514152          

178421                   269                   340086808        

179452                   77                   121626346         

179452                   116                   170502514        

179452                   169                   253939257        

179452                   274                   418559425        

179452                   330                   502446166        

179452                   431                   650467171        

178421                   303                   396094301        

178421                   314                   412343757        

179452                   636                   933952439        

179452                   927                   1305708028       

179452                   1193                   1616462154      

179452                   1181                   1603342733      

178421                   371                   502957667        

178421                   399                   546359772        

179476                   55                   58171224          

179476                   89                   95368596          

179497                   128                   150177255        

179497                   107                   121087031        

179497                   110                   124630729        

179497                   183                   229894176        

179497                   149                   180572826        

179497                   314                   453685998        

179497                   354                   522054498        

179547                   139                   180152250        

178421                   448                   620147176        

179547                   181                   247049006        

179547                   230                   329124073        

179558                   37                   61914136          

179558                   124                   219306129        

179558                   96                   168872237         

179558                   113                   199216646        

179558                   129                   228028229        

179563                   1177                   1844992131      

179563                   126                   204161093        

178421                   536                   757512486        

179563                   447                   725581430        

179563                   526                   864356935        

179563                   506                   830173285        

179563                   611                   1000721101       

179563                   585                   955980860        

179563                   676                   1103750777       

179563                   607                   992746205        

179563                   791                   1286443513       

179563                   699                   1141082557       

179563                   727                   1186956384       

178421                   633                   926459104        

179563                   891                   1439368502       

179563                   871                   1408778259       

179563                   953                   1530733640       

179563                   964                   1546262548       

179563                   979                   1565684998       

179563                   1034                   1644877235      

179563                   1037                   1649546614      

179563                   1136                   1789291677      

179889                   73                   71667471          

179889                   81                   86675706          

179889                   111                   140243879        

179889                   114                   144822272        

179889                   210                   321885466        

178421                   635                   929162034        

178421                   715                   1061638509       

179889                   358                   602165515        

179889                   322                   537165217        

179889                   349                   586437925        

179889                   376                   634700781        

179889                   403                   681173894        

179889                   450                   762457808        

179889                   469                   795326896        

179889                   486                   823698546        

178421                   693                   1025995271       

178421                   788                   1176171417       

178421                   839                   1255325834       

178421                   885                   1323872569       

178421                   901                   1347511722       

178421                   1041                   1547906669      

178424                   26                   31342525          

178424                   149                   184390027        

178424                   263                   318274129        

178712                   208                   358372398        

178424                   710                   793513942        

178479                   69                   55847913          

178479                   195                   269922011        

178479                   209                   296345334        

178479                   226                   330502259        

178479                   211                   300407316        

178479                   345                   547217236        

178479                   299                   465941293        

178479                   373                   595561803        

178479                   373                   595349884        

178479                   426                   684813892        

178479                   473                   761711338        

178479                   444                   715109656        

178479                   581                   925580511        

178479                   547                   875052518        

178479                   690                   1104533332       

178479                   727                   1171258417       

178479                   866                   1406349218       

178479                   884                   1436379815       

178479                   892                   1449041421       

178703                   56                   63227090          

178712                   267                   454423044        

178712                   235                   402682119        

178703                   73                   91381342          

178708                   6                   3504063            

178708                   10                   11225381          

178708                   116                   199253073        

178708                   85                   144644681         

178708                   200                   333318218        

178708                   353                   571559717        

178708                   253                   418499407        

178708                   310                   506491331        

178708                   311                   508118800        

178708                   351                   569300619        

178731                   27                   32555606          

178738                   16                   16564232          

178738                   35                   40502397          

178738                   119                   144162659        

178738                   136                   164698950        

178712                   322                   541065129        

178712                   341                   570963980        

178712                   374                   622225576        

178786                   198                   279678147        

178786                   199                   281800519        

178803                   68                   68190593          

178803                   94                   114882239         

178803                   182                   269199717        

178803                   319                   524290952        

178803                   321                   527067884        

178803                   293                   476311286        

178803                   298                   486738538        

178803                   307                   501811501        

178803                   359                   592795901        

178803                   389                   643939174        

178840                   63                   60241049          

178840                   74                   80035474          

178840                   196                   285157097        

178840                   215                   321012889        

178840                   496                   819851920        

178840                   502                   829380580        

178840                   566                   932745886        

179411                   41                   61567123          

180093                   61                   85985370          

180093                   111                   162973853        

180241                   68                   67530122          

180241                   107                   141291944        

180241                   136                   189288340        

180241                   217                   359636838        

180241                   227                   378928086        

179959                   81                   88632184          

180250                   22                   34089732          

180250                   30                   49361034          

180250                   35                   58596165          

180250                   111                   193999366        

180250                   118                   207289782        

180250                   138                   243906630        

180250                   178                   314018536        

180250                   209                   366295154        

180250                   222                   388634896        

180250                   231                   403009174        

180250                   303                   546362759        

180250                   352                   640968434        

179977                   47                   44048859          

179977                   103                   142852976        

179977                   106                   149510142        

180250                   383                   700146352        

180250                   405                   741218990        

179977                   123                   174208763        

180076                   9                   8550612            

180076                   16                   21404101          

180076                   202                   356700305        

180076                   297                   498885052        
