
160940                     51                     25692500            

162825                     178                     77587483           

160957                     475                     253335826          

160957                     570                     300534367          

162822                     100                     25640457           

163252                     95                     48905224            

163046                     7                     3519049              

162825                     118                     51809463           

163255                     521                     343960468          

163069                     171                     76431368           

163069                     507                     280418863          

163071                     160                     87164417           

163237                     55                     24964105            

163255                     498                     329793681          

163255                     624                     406745701          

163255                     934                     583667220          

163402                     776                     491828270          

163378                     153                     72164197           

163402                     711                     453850381          

163402                     347                     228443484          

163402                     436                     285356139          

163475                     157                     108295284          

163476                     49                     34021561            

163476                     161                     111477350          

163300                     607                     315141488          

163478                     64                     40790876            

163479                     9                     4936324              

163480                     178                     106478807          

163583                     46                     35289692            

163583                     86                     66601631            

163584                     30                     21040686            

163586                     4                     2474404              

163586                     12                     7755912             

163586                     20                     14253084            

163588                     157                     107403277          

163588                     274                     186788939          

163588                     349                     236147610          

163589                     68                     45277576            

163589                     95                     65790047            

163596                     18                     11370253            

163630                     82                     23809924            

163630                     113                     46740747           

163340                     205                     103416236          

163657                     2                     192963               

163659                     19                     14278571            

163659                     538                     393384307          

163659                     233                     179035318          

163659                     265                     202751775          

163659                     407                     304788619          

163270                     773                     455329100          

163376                     16                     7398919             

163662                     103                     78319993           

163663                     49                     35135482            

163663                     63                     45858530            

163663                     137                     96237725           

163663                     233                     161420558          

163664                     129                     86645889           

163738                     212                     174481282          

163758                     53                     38664156            

163758                     136                     102703004          

163758                     163                     122844953          

163758                     356                     254541241          

163759                     222                     149022931          

163760                     68                     47488965            

163760                     151                     106621883          

163761                     26                     16515605            

163765                     139                     84833016           

163765                     141                     86434457           

163761                     110                     71882944           

163796                     40                     38381303            

163817                     157                     137209334          

163817                     199                     181097988          

163817                     412                     392944113          

163817                     684                     636520980          

163817                     685                     637442553          

163270                     11                     6278395             

163270                     290                     181591549          

163817                     856                     784478128          

163286                     121                     31721722           

163297                     105                     61289724           

163289                     12                     5090401             

163289                     221                     95089750           

163296                     164                     98162993           

163334                     378                     218681950          

163296                     562                     352149746          

163300                     34                     18583094            

163300                     46                     24992053            

163300                     109                     59873384           

163663                     201                     140645940          

163376                     144                     70783969           

163300                     501                     263351668          

163270                     308                     192545334          

163301                     21                     10559078            

163301                     65                     33934462            

163668                     198                     124002160          

163668                     126                     78722128           

163332                     105                     59031865           

163332                     238                     156629272          

163332                     275                     182453425          

163332                     428                     290167664          

163332                     584                     396082449          

163332                     594                     402502483          

163332                     735                     492546712          

163663                     164                     114606477          

163334                     4                     1811299              

163481                     30                     17391307            

163374                     432                     229547035          

163337                     139                     73680907           

163338                     132                     64007561           

163358                     57                     22108509            

163340                     345                     173015277          

163662                     78                     59124760            

163370                     61                     40644655            

163340                     65                     32885098            

163371                     12                     6760418             

163659                     657                     472265762          

163371                     279                     163899972          

163374                     89                     48478244            

163374                     404                     215292603          

163374                     240                     130140875          

165633                     336                     436254125          

165633                     460                     602019790          

165364                     366                     457903901          

165364                     700                     854524613          

165364                     1178                     1370040133        

165415                     194                     212147418          

165415                     210                     233934641          

165415                     231                     260829848          

165415                     295                     342134846          

165415                     487                     572854779          

165415                     415                     487202468          

165415                     736                     847879225          

165415                     833                     956638680          

165415                     873                     1008877687         

165415                     1219                     1445080557        

165467                     126                     129945081          

165467                     103                     98880398           

165467                     105                     101077993          

165467                     117                     116239001          

165467                     298                     373559122          

165467                     369                     469098984          

165467                     414                     529604710          

165467                     550                     707294989          

165472                     71                     82359353            

165472                     440                     493904665          

165472                     480                     537928158          

165472                     524                     591434272          

165472                     707                     828474396          

165486                     65                     69028403            

165487                     92                     117720324           

165514                     77                     65622343            

165514                     117                     126777956          

165514                     165                     201475683          

165514                     213                     270270889          

165514                     375                     507094623          

165514                     439                     597454916          

165514                     525                     720612040          

165548                     225                     308716339          

165548                     83                     113512667           

165548                     137                     187562059          

165548                     151                     206754275          

165548                     329                     448260278          

165548                     439                     589920881          

165548                     568                     755358161          

165548                     482                     644973710          

165567                     85                     85099568            

165567                     475                     595270188          

165567                     160                     183142582          

165567                     159                     181938237          

165567                     188                     221951771          

165567                     292                     363451489          

165121                     149                     57383990           

165567                     413                     516223791          

165567                     529                     663645478          

165567                     532                     667599773          

165567                     539                     675804859          

165567                     575                     728450807          

165570                     109                     139417456          

165570                     126                     163188416          

165570                     921                     1235241528         

165570                     148                     194820854          

165570                     138                     179912082          

165570                     258                     345639453          

165570                     339                     453532569          

165570                     493                     654527354          

165570                     506                     671632550          

165570                     506                     671156139          

165570                     528                     699806729          

165570                     621                     815440040          

165121                     218                     83118310           

165633                     73                     63712400            

165633                     182                     222619693          

165633                     127                     143206561          

165633                     235                     297811068          

166462                     216                     214322463          

166462                     229                     228353145          

166462                     455                     472232302          

166462                     441                     457544810          

166462                     499                     519039746          

166502                     44                     23157504            

166512                     80                     73686032            

166512                     190                     220405628          

166512                     100                     101360111          

166512                     264                     315568747          

166512                     274                     328518311          

166512                     329                     397954202          

165993                     519                     589754124          

166512                     396                     481089590          

166512                     442                     537210790          

166512                     718                     859493391          

166512                     777                     925354175          

166512                     796                     946930063          

166512                     819                     971944245          

166512                     950                     1112439481         

166512                     956                     1119591696         

166512                     1028                     1194318880        

166512                     1063                     1231425135        

165993                     617                     699457426          

165993                     627                     710812399          

165993                     671                     757257819          

166512                     1219                     1389979581        

166512                     1310                     1476953904        

166512                     1354                     1520123298        

166512                     1383                     1547447250        

166512                     1403                     1567452753        

166512                     1488                     1647257871        

166512                     1630                     1778742435        

166512                     1641                     1789055308        

166512                     1781                     1914139910        

166514                     122                     105079106          

165993                     817                     914168028          

166514                     407                     346521885          

166514                     408                     347912819          

166554                     63                     44404197            

166554                     116                     117996901          

166554                     148                     162295003          

166554                     351                     416966557          

166554                     383                     456500780          

166554                     459                     548951272          

166554                     728                     861995304          

166554                     467                     558067320          

166554                     710                     841593702          

166554                     541                     646605167          

166563                     43                     44499167            

166563                     51                     53398314            

166563                     63                     66571714            

166563                     200                     215464485          

166563                     234                     250806001          

166563                     547                     547441633          

166565                     82                     75893698            

166565                     481                     437784236          

166565                     489                     445545932          

166565                     594                     537611532          

166565                     629                     567543641          

166565                     728                     652758807          

166565                     847                     753133939          

166699                     214                     217823405          

166699                     157                     148660382          

166699                     210                     213326365          

166699                     323                     344851718          

166699                     534                     578672305          

165993                     1031                     1132143703        

165993                     1066                     1166924410        

166699                     545                     589497352          

166699                     579                     625892740          

166699                     589                     636460791          

166699                     838                     884341562          

166699                     842                     888276647          

166701                     47                     39818406            

166701                     61                     53112743            

166701                     166                     152821934          

166701                     169                     156315601          

166701                     218                     202018984          

166701                     271                     251679041          

166701                     255                     236290129          

166701                     471                     431440618          

166763                     501                     561275440          

166763                     286                     315279341          

166763                     517                     578918937          

166763                     626                     697198020          

165993                     1125                     1224280814        

165993                     1218                     1313605514        

166781                     206                     241755499          

166781                     285                     338865893          

166782                     71                     78677913            

166782                     104                     116665868          

166782                     115                     129102272          

166782                     85                     94309147            

166782                     95                     106501001           

166782                     406                     443233996          

166784                     260                     251806656          

166784                     245                     237393648          

166784                     319                     307402311          

166784                     325                     312399650          

166787                     49                     43857908            

166787                     165                     151321836          

166787                     206                     188734025          

166787                     306                     278544354          

166839                     86                     84385456            

166839                     257                     293064346          

166839                     122                     129556010          

166839                     193                     217095527          

166839                     196                     220694279          

165993                     1375                     1461081019        

165993                     1534                     1604801267        

165970                     70                     47614130            

166841                     3                     161739               

166841                     323                     348501240          

166841                     326                     352274569          

166841                     332                     358479372          

166841                     62                     65752552            

166841                     163                     178849713          

166841                     144                     158037265          

166841                     179                     195602283          

166841                     296                     319460774          

166841                     336                     363240040          

166841                     360                     389404728          

166841                     423                     458937380          

166841                     437                     473331307          

166841                     444                     481468988          

166841                     464                     502385411          

166841                     499                     540524418          

166841                     607                     652574066          

166841                     788                     833529990          

166842                     134                     123994038          

166842                     152                     140649080          

166859                     158                     166904074          

166859                     243                     276982709          

166859                     308                     359172311          

166859                     315                     367866025          

166864                     207                     219369058          

165993                     1479                     1556276478        

166864                     132                     138056111          

166864                     161                     169868919          

166864                     227                     241508736          

166864                     311                     322661140          

166864                     342                     354972815          

166864                     411                     412346338          

166864                     490                     460434013          

166888                     73                     53002739            

166888                     204                     223601391          

166888                     260                     298160814          

166888                     355                     422436411          

166888                     412                     491300772          

166888                     421                     501951495          

166889                     11                     8846318             

166889                     35                     38428442            

166889                     34                     37561052            

166889                     219                     258648939          

165993                     1606                     1668936180        

166889                     49                     55146951            

166889                     84                     98056441            

166889                     205                     241940552          

166890                     34                     36910192            

166890                     261                     290505495          

166894                     83                     77839583            

166894                     113                     106738896          

166894                     98                     92654855            

166011                     47                     55633660            

166895                     195                     180039518          

166895                     282                     258276142          

166895                     533                     483570249          

166922                     19                     23768812            

166922                     49                     65544225            

166922                     126                     169090511          

166922                     352                     464410875          

166033                     102                     124008522          

166033                     109                     135880696          

166922                     402                     527501307          

166922                     450                     587199361          

166922                     521                     673435049          

166922                     617                     788195584          

166922                     615                     786266263          

166922                     634                     808409395          

166922                     646                     822809797          

166922                     752                     945661486          

166923                     41                     44354082            

166923                     198                     216977214          

166923                     312                     339175710          

166923                     336                     364056189          

166033                     191                     260417506          

166033                     237                     328060432          

166946                     59                     47259028            

166946                     69                     61141770            

166946                     117                     122548575          

166946                     131                     142684325          

166946                     137                     149634005          

166950                     42                     40290181            

166950                     81                     90239289            

166950                     196                     235309847          

166950                     196                     234987250          

166950                     174                     208151142          

166950                     296                     357592257          

166950                     447                     536384352          

166950                     433                     520331324          

166950                     635                     748316853          

166950                     910                     1039408935         

166033                     254                     352941518          

166033                     128                     164934473          

166033                     145                     189907163          

166033                     220                     303623769          

166950                     812                     937763113          

166950                     916                     1046040288         

166950                     1024                     1154912449        

166950                     1125                     1255264238        

166950                     1148                     1277998932        

166950                     1107                     1237830562        

166950                     1265                     1392196781        

166960                     151                     137993393          

166966                     65                     56544417            

166966                     148                     128869272          

166966                     236                     206813753          

166967                     49                     40691817            

166967                     94                     79334726            

167041                     10                     7960609             

167041                     60                     67607394            

167041                     138                     157267569          

167041                     177                     202261785          

167041                     204                     232098982          

167041                     296                     333370299          

167041                     308                     346303099          

167041                     389                     429821578          

167041                     420                     463594485          

167041                     426                     469195770          

167041                     569                     618129758          

167041                     445                     489678418          

167043                     70                     66506688            

167043                     149                     143328725          

166033                     454                     638483319          

165970                     203                     230584703          

166033                     538                     752547564          

166033                     657                     909609748          

166033                     679                     937132004          

166033                     687                     947874044          

166033                     734                     1007813925         

166033                     752                     1030313798         

166033                     816                     1110580663         

166033                     1053                     1395580344        

166033                     1028                     1366247619        

166033                     1044                     1385350153        

166033                     1086                     1434158527        

166034                     33                     33799934            

166034                     172                     184184742          

166034                     97                     103638325           

166034                     126                     135430074          

166034                     258                     277376730          

166049                     69                     64202289            

166049                     226                     295262985          

166049                     201                     258749247          

166049                     336                     450017025          

166049                     500                     669751594          

166049                     604                     803190415          

166049                     526                     704105725          

166049                     598                     795115395          

166150                     85                     121971143           

166150                     90                     129885708           

166150                     65                     93267854            

166161                     42                     40561113            

166161                     73                     86202527            

165993                     94                     79732008            

166163                     16                     15740972            

166380                     58                     67819398            

166380                     60                     69719256            

166380                     187                     220917595          

166380                     99                     117218507           

166380                     110                     129649350          

166380                     126                     149577334          

166380                     222                     261320301          

166380                     402                     464840832          

165993                     228                     248054013          

165993                     143                     142902160          

166380                     458                     526354518          

166380                     733                     815458021          

166380                     782                     867334714          

166380                     811                     898662828          

166380                     1009                     1100660407        

166380                     1268                     1355573578        

166380                     1082                     1173719313        

166380                     1187                     1276652983        

165993                     226                     246361647          

165993                     239                     262250993          

165993                     290                     323267961          

166380                     1227                     1315606748        

166380                     1578                     1643935562        

166408                     74                     55918399            

166408                     105                     100231594          

166408                     364                     458727888          

166408                     437                     556775533          

165993                     364                     411124074          

165993                     327                     367131432          

165993                     331                     372691332          

166408                     480                     612267110          

166408                     636                     809480586          

166408                     668                     849168474          

166408                     782                     987574816          

166408                     852                     1071364665         

166408                     1038                     1285851864        

166408                     1038                     1286161571        

166408                     1082                     1335373580        

166408                     1117                     1375420518        

166408                     1156                     1417824235        

166408                     1196                     1461811684        

166438                     33                     17716858            

165993                     479                     544766333          

166438                     174                     195756106          

166438                     53                     44793890            

166438                     53                     44311976            

166438                     733                     826250845          

166438                     539                     617592562          

166438                     339                     392032382          

166438                     263                     302905779          

166438                     725                     817710489          

166438                     552                     632060401          

166438                     580                     662935365          

166462                     79                     50762251            

166462                     81                     53224334            

166462                     122                     102436050          

166462                     130                     112358976          

165993                     570                     647939160          

165993                     484                     550480644          

167830                     122                     114065202          

167830                     430                     434286027          

167830                     480                     487329055          

167830                     521                     532188557          

167830                     518                     528854952          

167830                     511                     521457528          

167830                     781                     804825404          

167830                     782                     805691075          

167830                     738                     759460869          

167830                     631                     646891753          

167830                     694                     713243963          

167830                     700                     719887305          

167830                     718                     738426899          

167830                     1122                     1149256309        

167830                     1063                     1090153326        

167102                     252                     263637151          

167830                     1232                     1256197702        

167898                     114                     63035508           

167898                     374                     429489540          

167898                     195                     180723177          

167898                     198                     184980629          

167898                     1083                     1287489812        

167898                     668                     808249507          

167898                     726                     880553293          

167898                     758                     919548555          

167898                     853                     1032956117         

167898                     841                     1018544064         

167102                     335                     347601454          

167898                     892                     1077970039         

167898                     1697                     1933020260        

167898                     909                     1098103002         

167898                     1031                     1233291432        

167898                     977                     1175961704         

167898                     1356                     1576883173        

167898                     1629                     1859037570        

167898                     1380                     1602019112        

167898                     1515                     1743608594        

167898                     1730                     1970046451        

167103                     16                     13406462            

167103                     54                     49418381            

167913                     26                     26304451            

167913                     199                     212206681          

167913                     251                     267560813          

167913                     418                     445204886          

167913                     425                     452834338          

167913                     335                     354968489          

167281                     43                     53693306            

167281                     86                     111178063           

167281                     378                     470762459          

167281                     385                     479237508          

167281                     225                     287920166          

167281                     309                     391025206          

167281                     250                     319850571          

167281                     368                     458469506          

167281                     374                     466103637          

167281                     403                     499561506          

167281                     455                     558976091          

167281                     506                     616012452          

167282                     24                     23048292            

167282                     90                     90693493            

167282                     172                     175806256          

167282                     158                     160269788          

167282                     163                     165435232          

167282                     264                     269211610          

167284                     110                     101049906          

167284                     94                     85932631            

167284                     324                     294272659          

167284                     214                     196230830          

167284                     259                     236619419          

167284                     442                     389176071          

167078                     136                     149411227          

167078                     167                     188742905          

167098                     128                     102708437          

167284                     500                     437690525          

167284                     614                     533468792          

167284                     628                     544704775          

167284                     653                     565764096          

167284                     698                     602650857          

167284                     732                     629976693          

167284                     922                     784493903          

167284                     969                     826320525          

167284                     1107                     948376306         

167284                     1243                     1064923438        

167098                     75                     40792950            

167284                     1553                     1319819372        

167551                     117                     127031275          

167551                     126                     140621892          

167551                     355                     463691168          

167551                     199                     247806875          

167551                     449                     589083519          

167673                     275                     121038402          

167673                     334                     201564741          

167098                     172                     159707880          

167098                     184                     174690122          

167673                     347                     219404248          

167673                     391                     277199343          

167674                     299                     362354997          

167674                     218                     266919014          

167674                     218                     267217400          

167674                     169                     207519726          

167675                     77                     85835867            

167675                     120                     134954484          

167675                     82                     91969379            

167675                     317                     346508297          

167675                     362                     394222107          

167675                     384                     417390999          

167675                     428                     464247588          

167675                     466                     504080781          

167675                     570                     612701841          

167675                     548                     588792794          

167675                     514                     553409370          

167675                     700                     746715696          

167675                     719                     766644460          

167675                     871                     918314773          

167675                     878                     924965289          

167675                     975                     1020327631         

167676                     37                     32545428            

167676                     54                     47588626            

167676                     55                     48899553            

167676                     173                     158145678          

167676                     179                     163443334          

167676                     208                     189853748          

167676                     120                     109487966          

167676                     136                     124316510          

167676                     137                     125275989          

167740                     101                     79342972           

167746                     138                     152963398          

167746                     100                     100960438          

167746                     114                     121138065          

167746                     203                     240724606          

167746                     241                     291273724          

167746                     249                     300855972          

167746                     358                     440939988          

167786                     49                     50564518            

167786                     66                     72413784            

167786                     171                     207863129          

167807                     110                     113540139          

167807                     121                     129141280          

167807                     253                     315815326          

167102                     87                     90930102            

167102                     95                     99198420            

167102                     96                     99671540            

167807                     333                     425809126          

167807                     495                     643135796          

167807                     1166                     1450443637        

167807                     436                     564587718          

167807                     500                     649750115          

167807                     565                     734317778          

167807                     634                     822488355          

167807                     697                     901936971          

167807                     716                     925846014          

167807                     809                     1039099324         

167807                     788                     1013667697         

167807                     819                     1051562763         

167807                     862                     1102481685         

167807                     1041                     1310793053        

167102                     123                     129128124          

167807                     1369                     1667843592        

167807                     1194                     1480088603        

167807                     1488                     1790924603        

167807                     1314                     1609886178        

167807                     1378                     1676525370        

167807                     1475                     1776865001        

167807                     1581                     1887238890        

167807                     1624                     1931238977        

167807                     1661                     1968733683        

167807                     1671                     1978749178        

167830                     14                     11161380            

167830                     22                     18163814            

167830                     44                     40088398            

167830                     110                     102392640          

167830                     116                     108241287          

171812                     328                     414047556          

171926                     27                     35978810            

171812                     415                     543019703          

171812                     417                     545314835          

171921                     78                     78195808            

171921                     101                     114519425          

171926                     14                     16681862            

172400                     667                     909415179          

172401                     26                     29080929            

171926                     149                     200536820          

172014                     9                     10746761             

172014                     14                     18955692            

172254                     33                     51601699            

172286                     58                     41591573            

172286                     76                     71208771            

172400                     427                     572571798          

172389                     191                     276243686          

172389                     193                     278862949          

172411                     101                     66779448           

172033                     46                     59932947            

172400                     440                     587683170          

172400                     450                     600832069          

172400                     451                     601238126          

172033                     60                     77686996            

171178                     183                     195692061          

172033                     267                     339362144          

172255                     18                     26462469            

172163                     67                     94674528            

172163                     93                     135938018           

172163                     456                     658655363          

172163                     326                     483842276          

172163                     147                     220461442          

172163                     255                     381547908          

172400                     66                     92256409            

172400                     234                     322042663          

172400                     234                     321750500          

172400                     618                     841010439          

172163                     398                     582626840          

171091                     101                     112896891          

172254                     11                     13424945            

172254                     11                     14841087            

172411                     335                     434844253          

172254                     22                     33737328            

172255                     10                     13673096            

172255                     11                     13846469            

172268                     63                     49703003            

172399                     213                     286619923          

172268                     115                     140712492          

172268                     116                     143098261          

172389                     230                     335454886          

172286                     109                     124888251          

172411                     198                     227783765          

172411                     199                     229356476          

172400                     6                     5736608              

172286                     191                     254434862          

172389                     68                     78863815            

172389                     291                     425773813          

172400                     674                     918978743          

172400                     487                     653161117          

172399                     72                     64052383            

172399                     105                     117890697          

172399                     143                     179185935          

172400                     533                     719279444          

172400                     305                     416504399          

172400                     530                     715410185          

172478                     92                     102787170           

172478                     96                     107480919           

170854                     260                     269116937          

171106                     158                     176519932          

170842                     133                     161761246          

170842                     134                     163054803          

171106                     134                     149818598          

171106                     259                     287985714          

170826                     50                     25660599            

172619                     53                     48447457            

171156                     539                     583995083          

171484                     396                     477302530          

170854                     253                     261248424          

171091                     31                     33295580            

170854                     155                     160882920          

170854                     367                     375135571          

171578                     109                     93256774           

171091                     45                     48804967            

170854                     305                     313757232          

171050                     454                     584545830          

171050                     463                     596550695          

170854                     524                     524894556          

171156                     546                     591889922          

170876                     243                     209017635          

170876                     161                     138447523          

171578                     968                     1019182062         

170896                     100                     87252741           

170896                     63                     54564176            

171484                     238                     273128688          

170826                     112                     116157433          

170896                     32                     26439451            

170901                     131                     107176172          

171050                     67                     42400584            

171178                     269                     288372494          

171050                     105                     97834663           

171178                     165                     175176444          

171178                     166                     176668038          

171315                     178                     203860947          

171315                     180                     205654178          

171050                     375                     481709513          

171050                     294                     376590428          

171050                     296                     378890794          

171106                     205                     228625176          

171050                     478                     615140757          

171050                     556                     714738104          

171484                     85                     63515321            

171050                     610                     781412308          

171156                     641                     705129467          

171050                     648                     828187827          

172389                     102                     134065757          

171091                     122                     136557423          

171156                     106                     77882925           

171178                     580                     617672098          

171178                     63                     67910381            

172163                     108                     160995614          

171117                     45                     45256001            

171578                     870                     914564223          

171156                     478                     509972639          

171156                     263                     230315375          

171274                     117                     82756084           

171369                     123                     124307889          

171484                     119                     111925159          

171156                     372                     374833470          

171156                     359                     358808315          

171156                     359                     358978926          

171282                     69                     95531207            

171926                     55                     71022944            

172208                     191                     257714202          

171178                     785                     824196799          

171178                     37                     39065641            

171178                     229                     242526883          

171178                     288                     309048533          

170826                     285                     350690082          

172163                     37                     45659412            

171178                     958                     996176917          

171578                     729                     758779223          

171578                     746                     777648474          

172411                     212                     250610213          

171219                     87                     81881528            

171219                     107                     109870307          

171219                     107                     109834717          

171282                     40                     52984655            

171282                     50                     67798561            

171812                     373                     480894309          

172389                     407                     590384927          

171812                     291                     366538380          

171282                     133                     185503214          

171282                     109                     152103306          

170826                     263                     322633652          

171446                     77                     61823043            

171315                     60                     41555143            

171315                     131                     140431887          

171315                     92                     86128574            

172389                     177                     254889954          

171369                     106                     101535438          

171446                     138                     147218715          

172033                     293                     375960274          

171484                     209                     235249533          

171446                     63                     40753423            

171484                     272                     316502080          

172411                     327                     423155990          

171484                     384                     460029969          

172033                     157                     201234109          

172033                     169                     215845779          

171578                     96                     78499654            

170842                     35                     41109576            

171578                     353                     342149227          

171578                     438                     440158785          

172033                     119                     152582153          

171578                     616                     635998244          

171921                     136                     168797789          

171812                     61                     52552471            

171812                     65                     58619613            

172286                     157                     201991517          

172208                     120                     141593339          

172014                     98                     151433613           

172399                     80                     76447749            

171812                     181                     221771108          

172400                     348                     472743634          

172400                     348                     472964734          

170826                     306                     378115912          

170842                     246                     294349876          

171156                     165                     130851668          

172868                     1028                     1383732407        

172868                     1064                     1428103999        

172868                     1274                     1683824716        

172868                     1282                     1693325195        

172868                     1289                     1702433188        

172868                     1296                     1710048747        

172868                     1410                     1843384863        

172868                     1464                     1904531945        

172868                     1575                     2028039567        

172868                     1522                     1970394202        

172868                     1592                     2046663980        

172868                     1595                     2050806370        

172868                     1643                     2103191112        

172868                     1948                     2439404041        

172868                     1850                     2330851899        

172949                     86                     94031298            

172635                     213                     318720816          

172778                     78                     86538233            

172949                     127                     160372492          

172949                     179                     246621914          

172949                     222                     317024974          

172949                     245                     354870592          

172949                     276                     401582824          

172949                     370                     547006091          

172949                     500                     736176983          

172949                     436                     644535239          

172949                     466                     687905365          

172949                     515                     758250905          

172949                     671                     971033487          

172949                     594                     866914659          

172949                     604                     881446035          

172949                     604                     880514463          

172949                     702                     1010097165         

172949                     766                     1093469608         

172949                     943                     1317107016         

172949                     963                     1346873322         

172949                     981                     1373233708         

172949                     1163                     1630454645        

172949                     1186                     1661891670        

172951                     32                     38747206            

172951                     48                     59910063            

172951                     52                     64874728            

172952                     61                     76351500            

172952                     94                     118762097           

172952                     186                     231519950          

172952                     424                     512158679          

172952                     429                     517373033          

172791                     222                     286888185          

172791                     378                     520808975          

172791                     153                     176933774          

172952                     481                     576606976          

172952                     1064                     1222432453        

172952                     534                     635561785          

172952                     589                     696532097          

172952                     682                     798195582          

172952                     700                     818312385          

172952                     1128                     1289936492        

172952                     925                     1072854185         

172952                     1050                     1207572719        

172952                     1055                     1213482009        

172952                     1108                     1268534093        

172952                     1214                     1371374173        

172791                     196                     246781368          

172791                     349                     479824354          

172952                     1409                     1565365045        

172952                     1481                     1636371679        

172992                     550                     772238968          

172992                     575                     808208605          

172992                     627                     880235026          

172992                     633                     888364433          

172992                     635                     891167201          

172992                     826                     1140835372         

172992                     884                     1214142803         

172992                     906                     1241694727         

172999                     25                     33243336            

172999                     35                     46786190            

172999                     42                     56765740            

172999                     42                     56285837            

172999                     288                     394040865          

172999                     109                     152048988          

172999                     228                     313885764          

172791                     283                     381933920          

172791                     285                     384024674          

172791                     406                     560630913          

173198                     155                     206557523          

173198                     70                     65583003            

173198                     71                     68310898            

173198                     73                     70899406            

173198                     86                     92304754            

173198                     88                     95876888            

173198                     253                     359852598          

173198                     751                     1073687028         

173198                     302                     434418213          

173198                     351                     505549268          

173198                     368                     531368312          

173198                     482                     693903212          

173198                     574                     816476134          

173198                     585                     831640134          

173198                     600                     852297968          

173198                     647                     914408657          

173198                     651                     920024622          

173198                     683                     966115516          

173198                     686                     971191379          

173198                     714                     1016265249         

173198                     733                     1046059116         

173198                     790                     1131735059         

173198                     791                     1132694380         

172791                     1143                     1586630581        

172791                     456                     630957301          

172791                     474                     655795541          

172791                     621                     848457179          

172791                     563                     775126405          

172791                     582                     798681898          

172791                     675                     918034110          

172791                     739                     1015714280         

172620                     68                     60893022            

172791                     813                     1127221112         

172791                     819                     1136277967         

172791                     873                     1214510919         

172791                     905                     1260457423         

172791                     917                     1277879018         

172791                     930                     1295834573         

172791                     1042                     1451375499        

172791                     1085                     1508475712        

172791                     1182                     1636676759        

172791                     1237                     1708346056        

172791                     1320                     1813266740        

172791                     1255                     1730298006        

172791                     1408                     1922133378        

172791                     1467                     1992631761        

172791                     1519                     2054806569        

172791                     1522                     2058840139        

172791                     1635                     2190284357        

172791                     1572                     2116767630        

172799                     24                     24824123            

172799                     31                     32583774            

172620                     168                     152832246          

172620                     225                     203458528          

172799                     79                     85479351            

172799                     93                     101209504           

172799                     197                     214132186          

172799                     211                     229663415          

172801                     6                     3620718              

172801                     33                     34007806            

172801                     74                     78506732            

172801                     250                     267971795          

172801                     283                     302569271          

172801                     482                     506974321          

172801                     757                     768007909          

172801                     905                     892810209          

172801                     149                     159862197          

172801                     155                     166307356          

172801                     395                     419252815          

172801                     333                     355014779          

172801                     418                     442061958          

172801                     674                     696893146          

172801                     619                     643534513          

172801                     866                     857837624          

172801                     912                     897855317          

172801                     986                     961174632          

172802                     102                     87155329           

172802                     492                     411850178          

172802                     523                     437702986          

172802                     601                     502347948          

172802                     706                     587661754          

172819                     130                     152232302          

172819                     139                     167318059          

172819                     228                     311442104          

172822                     20                     26407723            

172822                     27                     36892246            

172822                     64                     92213918            

172822                     66                     95313334            

172822                     244                     344890627          

172822                     382                     530399527          

172822                     1273                     1717887861        

172822                     263                     371037027          

172822                     289                     405895193          

172822                     369                     512830553          

172620                     340                     305957697          

172620                     462                     411198053          

172822                     598                     804837019          

172822                     403                     557790220          

172822                     513                     699250787          

172822                     531                     722443972          

172822                     560                     758359569          

172822                     575                     776589356          

172822                     640                     863548803          

172822                     684                     928099331          

172822                     799                     1092852091         

172822                     745                     1015963418         

172822                     868                     1189353798         

172822                     1017                     1391077447        

172822                     922                     1263660308         

172822                     1060                     1447482742        

172822                     1141                     1552765569        

172822                     1233                     1669463172        

172630                     78                     111256693           

172630                     89                     129757740           

172822                     1319                     1774984062        

172822                     1360                     1824462082        

172822                     1406                     1880474754        

172822                     1546                     2044867610        

172822                     1409                     1883653100        

172822                     1675                     2191197739        

172822                     1414                     1890192944        

172822                     1592                     2097384295        

172822                     1698                     2216858351        

172822                     1708                     2227304083        

172822                     1820                     2351246071        

172822                     1895                     2431660210        

172822                     1915                     2452500649        

172822                     2109                     2672963186        

172630                     118                     178931979          

172630                     120                     183128233          

172630                     150                     231904491          

172635                     38                     55263922            

172822                     2065                     2623032637        

172822                     2185                     2756551445        

172847                     84                     76338951            

172847                     118                     136264313          

172865                     115                     170114418          

172865                     371                     585383931          

172865                     303                     477828375          

172865                     356                     562113949          

172868                     15                     18650216            

172868                     82                     117363619           

172868                     89                     127563024           

172868                     129                     184602331          

172868                     143                     203966496          

172868                     145                     207581520          

172868                     146                     209038386          

172635                     109                     164809041          

172635                     233                     346475780          

172635                     238                     353855572          

172868                     306                     427025116          

172868                     371                     511572378          

172868                     264                     370502330          

172868                     280                     392263741          

172868                     292                     407886097          

172868                     412                     563462496          

172868                     432                     587926973          

172868                     444                     603004807          

172868                     473                     640216929          

172868                     520                     698074359          

172868                     543                     726049188          

172868                     699                     947211905          

172868                     752                     1021247856         

172868                     803                     1091089200         

172868                     810                     1100805828         

172868                     1167                     1555230910        

172868                     901                     1221470416         

172868                     918                     1244322055         

172868                     989                     1335917802         

172635                     252                     374175919          

172635                     239                     355886995          

173241                     562                     809016276          

173241                     687                     969047082          

173241                     751                     1049263897         

173241                     674                     952615427          

173243                     39                     49064830            

173380                     114                     111391371          

173380                     95                     85346386            

173381                     11                     13864605            

173381                     32                     44920003            

173381                     49                     70490655            

173381                     51                     73947438            

173381                     71                     102831110           

173381                     198                     285373650          

173381                     208                     299682239          

173381                     129                     187168104          

173381                     244                     350002185          

173389                     185                     236467975          

173389                     203                     259261599          

173389                     97                     120087622           

173236                     133                     148448080          

173236                     212                     267756587          

173389                     146                     185314843          

173389                     197                     251527073          

173389                     260                     331633561          

173389                     307                     397210122          

173389                     320                     417000598          

173389                     420                     562849821          

173389                     396                     529104807          

173389                     463                     624389870          

173389                     495                     668400363          

173389                     529                     715758107          

173389                     593                     805276454          

173389                     616                     835992732          

173406                     145                     185066053          

173406                     145                     185961665          

173406                     280                     367199088          

173406                     248                     325523760          

173430                     155                     209891094          

173236                     197                     245024065          

173438                     33                     38660021            

173439                     31                     44532359            

173439                     32                     46719479            

173439                     47                     69402562            

173439                     65                     98088658            

173439                     78                     118832377           

173439                     124                     189810553          

173439                     119                     182127133          

173439                     449                     696836062          

173439                     173                     264273659          

173439                     221                     336502720          

173439                     222                     337139053          

173439                     199                     303321767          

173439                     378                     579724680          

173439                     443                     686703293          

173439                     445                     690339094          

173439                     457                     709072207          

173439                     579                     898590884          

173439                     592                     918006617          

173439                     595                     921691125          

173439                     623                     963730643          

173439                     638                     985749079          

173439                     698                     1071855751         

173657                     70                     45710306            

173657                     79                     57681554            

173658                     30                     40385942            

173658                     59                     83855147            

173659                     13                     16126185            

173659                     22                     30922183            

173659                     73                     106518816           

173659                     76                     111599401           

173659                     78                     114170191           

173659                     301                     431583229          

173659                     154                     225525750          

173659                     155                     226589348          

173659                     184                     268975664          

173660                     255                     322703767          

173660                     350                     436135113          

173661                     6                     5614420              

173661                     35                     46885244            

173241                     29                     37576134            

173241                     61                     88947705            

173241                     71                     104966600           

173661                     107                     134997611          

173663                     27                     32720665            

173692                     79                     69116714            

173692                     137                     168843225          

173692                     234                     330863168          

173692                     268                     386412900          

173692                     330                     482432684          

173692                     333                     486912417          

173692                     351                     514305663          

173692                     372                     546100668          

173692                     384                     564764115          

173692                     406                     594208270          

173692                     439                     643490050          

173692                     605                     879852882          

173692                     545                     795515178          

173692                     621                     901411394          

173692                     628                     910749320          

173692                     649                     940179613          

173692                     669                     967296530          

173692                     686                     989584958          

173241                     254                     385008352          

173692                     725                     1041663474         

173692                     741                     1061932620         

173692                     743                     1064654488         

173692                     1150                     1613512964        

173692                     770                     1099519320         

173692                     836                     1183820383         

173692                     861                     1215776048         

173692                     927                     1296293885         

173692                     1059                     1487275732        

173692                     985                     1380469379         

173692                     986                     1382687738         

173692                     1011                     1418903509        

173692                     1920                     2564271889        

173692                     1106                     1552145187        

173692                     1117                     1567805158        

173692                     1185                     1661337747        

173692                     1186                     1662851248        

173692                     1398                     1943873906        

173692                     1458                     2020881966        

173692                     1492                     2063105712        

173692                     1506                     2080391661        

173241                     192                     291596107          

173241                     510                     740992036          

173692                     1580                     2170773159        

173692                     1680                     2290612670        

173692                     1696                     2309240722        

173692                     1760                     2384385634        

173692                     1818                     2451073429        

173692                     1847                     2483227373        

173692                     2098                     2756323017        

173692                     2259                     2924043110        

173692                     2331                     3003072318        

173692                     2333                     3004992462        

173692                     2450                     3131234952        

173692                     2460                     3140876616        

173241                     220                     333639817          

173241                     289                     435822160          

173241                     313                     469419360          

173692                     2518                     3201856528        

173692                     2524                     3207760669        

173692                     2560                     3244978645        

173692                     2701                     3386532796        

173692                     2632                     3317901064        

173241                     501                     728726837          

173241                     582                     835168993          

173241                     396                     585497356          

173241                     423                     623916716          
