   100         0       6182.31    9128.96   
   125         0       2257.35    2276.73   
   125         25      3473.86    3515.96   
   150         0       1024.62    803.856   
   150         25      1281.86     969.54   
   150         50      2145.79    2143.58   
   175         0       785.865     623.27   
   175         25      830.658    626.596   
   175         50      982.441    770.672   
   175         75       2123.1    2010.33   
   200         0       562.403     434.87   
   200         25      556.823    453.716   
   200         50       706.08    547.862   
   200         75      756.975    554.485   
   200        100      1852.73    1598.72   
   225         0       457.235    375.004   
   225         25      427.101    358.396   
   225         50      489.434    401.012   
   225         75      599.595    491.303   
   225        100       732.06    595.927   
   225        125      1524.94    1382.22   
   250         0       373.497    309.641   
   250         25      347.093    286.046   
   250         50      387.866    317.248   
   250         75      463.709    388.087   
   250        100      553.354    439.645   
   250        125      747.737    585.674   
   250        150      1317.44     1171.1   
   275         0       296.199     247.34   
   275         25      298.554    240.656   
   275         50      304.524    246.863   
   275         75      356.162    282.864   
   275        100      402.484    342.742   
   275        125      495.775    382.117   
   275        150      699.069     528.53   
   275        175      1146.45    1063.61   
   300         0       251.852    201.571   
   300         25      261.086    205.465   
   300         50      273.236    221.267   
   300         75      260.097    212.853   
   300        100      281.764    231.296   
   300        125      358.387    294.165   
   300        150      452.251    357.063   
   300        175      672.975    525.338   
   300        200      1210.12     1135.2   
   325         0       201.065    166.709   
   325         25      216.558    179.037   
   325         50      203.901    169.122   
   325         75       214.19    177.302   
   325        100      271.495    224.686   
   325        125       305.32    241.932   
   325        150      333.249    268.863   
   325        175      450.171    365.971   
   325        200      634.813    523.159   
   325        225      1251.96    1102.93   
   350         0       179.871    149.434   
   350         25      204.965    166.961   
   350         50      188.394    152.994   
   350         75       201.24    169.166   
   350        100      228.484    183.168   
   350        125      262.155    208.603   
   350        150      267.173    219.672   
   350        175      379.462     300.24   
   350        200      431.344    347.907   
   350        225      684.234    500.863   
   350        250      1034.54    939.063   
   375         0       170.238    144.714   
   375         25      174.549    146.815   
   375         50      186.651    153.174   
   375         75      200.786    167.946   
   375        100      203.082    171.184   
   375        125      206.504    168.291   
   375        150      219.672    183.125   
   375        175      278.398    233.257   
   375        200      319.608    252.586   
   375        225      407.542    340.433   
   375        250      562.056    437.126   
   375        275      1072.03    974.293   
   400         0        172.55    145.735   
   400         25      166.645    140.297   
   400         50      147.525    123.691   
   400         75      159.845    136.142   
   400        100      167.024    141.267   
   400        125      170.341    142.936   
   400        150      198.535    166.364   
   400        175      225.139    186.797   
   400        200      264.937    221.362   
   400        225      308.218    252.082   
   400        250      398.641    341.996   
   400        275       560.14    466.209   
   400        300      1058.28    904.259   
   425         0        167.78    140.628   
   425         25      147.059    123.186   
   425         50      162.588    135.684   
   425         75      155.968    130.168   
   425        100      147.592    125.705   
   425        125      156.541    130.292   
   425        150      189.542    154.906   
   425        175       192.25    157.733   
   425        200      234.944    192.093   
   425        225      240.802    199.245   
   425        250      301.354    254.641   
   425        275      382.206    317.118   
   425        300      600.469    465.614   
   425        325      1088.14    895.697   
   450         0       149.528    125.584   
   450         25       156.34    128.395   
   450         50      141.644    119.393   
   450         75      142.594    117.985   
   450        100      146.253    124.391   
   450        125      154.809    131.578   
   450        150      165.223    135.517   
   450        175      174.943    140.096   
   450        200       184.87    151.846   
   450        225      209.217    170.761   
   450        250      249.121    208.345   
   450        275      282.187    229.307   
   450        300      395.818    313.487   
   450        325       644.75    441.886   
   450        350       1098.2    936.727   
   475         0       150.062    123.697   
   475         25      149.735     124.53   
   475         50      159.402    131.037   
   475         75      144.597    120.097   
   475        100      141.603    118.959   
   475        125      159.025    131.764   
   475        150      150.953    125.742   
   475        175      156.934    130.341   
   475        200      166.524    137.251   
   475        225      186.193    152.909   
   475        250       218.8     175.083   
   475        275      236.458    196.675   
   475        300       289.32    230.278   
   475        325      376.643    314.285   
   475        350      551.545    456.803   
   475        375      1085.38    941.484   
   500         0       140.356    115.503   
   500         25       137.35    114.047   
   500         50      147.837    122.979   
   500         75      146.399    122.369   
   500        100      150.497    126.913   
   500        125      145.448    119.965   
   500        150      143.142     121.08   
   500        175       152.97    127.999   
   500        200      149.338    121.634   
   500        225      162.986    138.477   
   500        250      186.287    152.478   
   500        275      209.171     170.56   
   500        300      232.666    185.228   
   500        325      292.881    240.426   
   500        350      379.722    314.288   
   500        375       537.51    445.156   
   500        400      1009.09    832.496   
