   100         0       6464.46    8755.85   
   125         0       2382.17    2213.52   
   125         25      3822.52    3776.71   
   150         0       1162.21    1042.04   
   150         25      1477.26    1286.39   
   150         50      2355.89    2181.58   
   175         0       1091.73    1007.14   
   175         25      1008.37    880.069   
   175         50      1199.93    1078.32   
   175         75      2356.97    2180.08   
   200         0        791.62    701.594   
   200         25      808.529    702.775   
   200         50      869.204    767.111   
   200         75       1012.6    873.073   
   200        100      2031.04    1912.88   
   225         0       729.771    658.081   
   225         25      678.109     615.12   
   225         50      760.135    661.324   
   225         75      784.157    709.465   
   225        100      869.204     785.81   
   225        125      1724.79    1556.93   
   250         0       625.728    565.603   
   250         25      648.836    570.363   
   250         50      702.301    631.661   
   250         75      746.123    664.942   
   250        100      822.674    725.402   
   250        125      942.415    854.004   
   250        150      1414.79    1227.35   
   275         0       559.964    479.585   
   275         25       563.06    497.883   
   275         50      625.104    525.405   
   275         75      633.597    552.767   
   275        100      755.546     687.48   
   275        125      716.925    625.881   
   275        150      906.382     808.66   
   275        175      1245.81     1194.8   
   300         0       532.544    458.015   
   300         25      561.957    455.938   
   300         50      888.557     505.43   
   300         75       550.88    487.394   
   300        100      585.373    514.802   
   300        125      612.171    545.583   
   300        150      723.478    635.145   
   300        175      830.551    755.106   
   300        200      1352.04    1278.86   
   325         0       550.766    466.331   
   325         25      551.651     459.01   
   325         50       507.62    454.724   
   325         75      545.571    465.946   
   325        100       551.11    471.803   
   325        125      580.405    509.443   
   325        150      595.097    524.406   
   325        175       678.05    593.103   
   325        200      789.918    724.228   
   325        225      1404.44    1287.97   
   350         0       509.173    427.042   
   350         25      483.057    412.949   
   350         50      514.249     433.04   
   350         75      517.843    448.367   
   350        100      518.233    440.179   
   350        125      510.482    443.347   
   350        150      522.657    459.215   
   350        175       667.78    595.077   
   350        200      674.094    598.119   
   350        225      830.951    722.189   
   350        250      1116.21    1062.14   
   375         0       474.323    406.166   
   375         25      436.301    380.448   
   375         50      476.029    404.109   
   375         75      470.137    409.055   
   375        100      486.374    421.443   
   375        125      476.534    412.285   
   375        150      555.684    485.504   
   375        175      554.948    486.515   
   375        200      644.368    540.165   
   375        225      699.324    607.846   
   375        250      748.231    687.129   
   375        275      1144.82    1033.11   
   400         0       453.212    391.816   
   400         25      423.703    367.472   
   400         50      429.693    362.082   
   400         75      545.659    404.276   
   400        100      478.883    424.834   
   400        125       467.55    393.582   
   400        150      459.255    407.166   
   400        175      540.816    436.398   
   400        200       581.61    508.692   
   400        225      590.648    530.673   
   400        250      649.146    588.735   
   400        275      746.412    674.463   
   400        300      1169.51    1030.67   
   425         0       422.918    368.153   
   425         25       416.5     354.886   
   425         50      417.388    359.369   
   425         75      439.075    377.606   
   425        100      448.134    386.689   
   425        125      450.482    396.394   
   425        150      476.819    414.325   
   425        175      479.162    413.378   
   425        200      519.826     454.18   
   425        225      521.834    446.658   
   425        250      548.132    483.021   
   425        275      590.134    526.616   
   425        300      768.952    673.329   
   425        325      1181.06    1054.85   
   450         0       421.051    361.369   
   450         25      427.205     372.71   
   450         50       423.17    364.216   
   450         75      425.215    358.285   
   450        100      434.923    364.323   
   450        125      455.813    390.177   
   450        150      475.798    395.592   
   450        175      485.144    410.823   
   450        200      465.915    402.562   
   450        225      496.957    421.531   
   450        250      529.708    461.383   
   450        275      547.392    467.846   
   450        300      616.304    529.315   
   450        325       782.49     666.16   
   450        350      1206.81     1089.6   
   475         0       380.994    335.867   
   475         25      381.565    334.695   
   475         50      397.689    347.129   
   475         75       385.04    335.846   
   475        100      390.863    340.299   
   475        125      418.325    356.676   
   475        150      407.757    348.714   
   475        175      391.947    334.936   
   475        200      425.052    363.266   
   475        225      472.954    409.433   
   475        250      435.327    374.745   
   475        275      485.287    423.214   
   475        300      563.837    500.171   
   475        325      610.764    515.257   
   475        350      747.696    659.574   
   475        375      1238.27    1043.47   
   500         0       372.035    330.381   
   500         25       381.44    338.264   
   500         50      377.092    326.005   
   500         75      389.071    323.537   
   500        100      392.324    345.125   
   500        125       400.33    345.304   
   500        150      408.289    357.487   
   500        175      396.772    345.843   
   500        200      424.668    362.206   
   500        225      445.638    385.614   
   500        250      461.866    407.167   
   500        275      457.211    400.601   
   500        300      458.084    405.739   
   500        325      513.026    446.254   
   500        350      570.539    488.563   
   500        375      761.132    540.932   
   500        400      1062.85    930.296   
