   100         0       618.231    912.896    909.761    455.592  
   125         0       2257.35    2276.73    3218.27    1593.28  
   125         25      3473.86    3515.96    5296.91    2437.89  
   150         0       1024.62    803.856    1663.75     732.22  
   150         25      1281.86     969.54    2004.96    907.316  
   150         50      2145.79    2143.58    3073.05    1550.85  
   175         0       785.865     623.27    1068.53    571.843  
   175         25      830.658    626.596    1154.18    600.067  
   175         50      982.441    770.672    1678.57    722.106  
   175         75       2123.1    2010.33     3191.1    1507.88  
   200         0       562.403     434.87    835.766    409.385  
   200         25      556.823    453.716     797.41    408.077  
   200         50       706.08    547.862    989.216    506.415  
   200         75      756.975    554.485    1260.32     563.33  
   200        100      1852.73    1598.72    2658.68     1310.3  
   225         0       457.235    375.004    625.053    332.245  
   225         25      427.101    358.396    663.656    308.021  
   225         50      489.434    401.012    684.503    350.939  
   225         75      599.595    491.303    795.956    431.501  
   225        100       732.06    595.927    1108.85    539.267  
   225        125      1524.94    1382.22    2357.62    1125.52  
   250         0       373.497    309.641     542.26    272.281  
   250         25      347.093    286.046    513.545     256.5   
   250         50      387.866    317.248    544.358    280.223  
   250         75      463.709    388.087    646.329    339.138  
   250        100      553.354    439.645    786.069    391.772  
   250        125      747.737    585.674    1128.76    542.214  
   250        150      1317.44     1171.1    1981.43    936.453  
   275         0       296.199     247.34    418.198    217.667  
   275         25      298.554    240.656    424.342    220.326  
   275         50      304.524    246.863    415.712    220.675  
   275         75      356.162    282.864    531.434    260.032  
   275        100      402.484    342.742    569.774    295.875  
   275        125      495.775    382.117    761.435    349.776  
   275        150      699.069     528.53    1100.63    490.887  
   275        175      1146.45    1063.61    1737.32    838.246  
   300         0       251.852    201.571    359.547    186.475  
   300         25      261.086    205.465    373.114    192.771  
   300         50      273.236    221.267    383.805    201.232  
   300         75      260.097    212.853    365.704    186.386  
   300        100      281.764    231.296    401.513     203.01  
   300        125      358.387    294.165     556.58     256.57  
   300        150      452.251    357.063     693.38    323.018  
   300        175      672.975    525.338    886.283    480.387  
   300        200      1210.12     1135.2    1900.73    880.119  
   325         0       201.065    166.709    282.405    153.725  
   325         25      216.558    179.037     305.46    166.778  
   325         50      203.901    169.122    287.587    158.633  
   325         75       214.19    177.302    302.325    160.698  
   325        100      271.495    224.686    383.035     200.77  
   325        125       305.32    241.932    442.578     220.39  
   325        150      333.249    268.863    474.803     245.38  
   325        175      450.171    365.971    623.928    330.819  
   325        200      634.813    523.159    1010.99    453.234  
   325        225      1251.96    1102.93    1869.69    894.887  
   350         0       179.871    149.434     253.64     138.77  
   350         25      204.965    166.961    291.543    153.935  
   350         50      188.394    152.994    264.927    144.818  
   350         75       201.24    169.166    285.379    155.115  
   350        100      228.484    183.168    322.533    170.117  
   350        125      262.155    208.603     370.12    188.453  
   350        150      267.173    219.672    379.022    197.965  
   350        175      379.462     300.24    632.552    272.714  
   350        200      431.344    347.907    630.273    309.273  
   350        225      684.234    500.863     886.4     475.689  
   350        250      1034.54    939.063    1535.62     756.1   
   375         0       170.238    144.714    241.662    132.549  
   375         25      174.549    146.815    248.161    131.889  
   375         50      186.651    153.174    262.609    143.248  
   375         75      200.786    167.946    283.444     155.64  
   375        100      203.082    171.184    291.853    157.778  
   375        125      206.504    168.291    293.043    157.471  
   375        150      219.672    183.125    312.109    167.771  
   375        175      278.398    233.257    391.596    205.662  
   375        200      319.608    252.586    453.611    231.172  
   375        225      407.542    340.433     578.83    296.388  
   375        250      562.056    437.126    968.875    409.785  
   375        275      1072.03    974.293    1739.49    778.839  
   400         0        172.55    145.735    239.742    131.615  
   400         25      166.645    140.297    233.362     123.47  
   400         50      147.525    123.691    208.121    116.768  
   400         75      159.845    136.142    223.153    126.162  
   400        100      167.024    141.267    231.254    130.023  
   400        125      170.341    142.936    239.603     132.64  
   400        150      198.535    166.364    283.394    150.171  
   400        175      225.139    186.797    320.027    166.172  
   400        200      264.937    221.362    376.104    195.564  
   400        225      308.218    252.082    468.262    218.373  
   400        250      398.641    341.996    556.364     291.36  
   400        275       560.14    466.209    886.276    421.947  
   400        300      1058.28    904.259    1526.63    770.401  
   425         0        167.78    140.628    235.383    131.032  
   425         25      147.059    123.186    205.998    113.789  
   425         50      162.588    135.684    229.929    122.475  
   425         75      155.968    130.168    218.124    121.859  
   425        100      147.592    125.705    205.347    118.388  
   425        125      156.541    130.292    219.126    121.618  
   425        150      189.542    154.906     264.85     144.29  
   425        175       192.25    157.733    272.989     146.27  
   425        200      234.944    192.093    334.332    178.729  
   425        225      240.802    199.245    340.119     180.52  
   425        250      301.354    254.641     434.91    220.617  
   425        275      382.206    317.118    533.054    269.793  
   425        300      600.469    465.614    924.161    432.068  
   425        325      1088.14    895.697    1644.69    770.416  
   450         0       149.528    125.584    211.247    116.752  
   450         25       156.34    128.395    219.381    119.965  
   450         50      141.644    119.393    199.521    111.386  
   450         75      142.594    117.985    200.246    112.146  
   450        100      146.253    124.391    204.287    114.196  
   450        125      154.809    131.578    215.033    123.083  
   450        150      165.223    135.517    232.663     130.1   
   450        175      174.943    140.096    243.781    135.246  
   450        200       184.87    151.846    258.741    138.798  
   450        225      209.217    170.761    293.138    159.554  
   450        250      249.121    208.345    354.362    182.926  
   450        275      282.187    229.307    401.782     205.68  
   450        300      395.818    313.487    567.451    291.321  
   450        325       644.75    441.886    729.808    421.007  
   450        350       1098.2    936.727    1602.76    774.148  
   475         0       150.062    123.697    209.131    114.747  
   475         25      149.735     124.53    209.053     114.26  
   475         50      159.402    131.037    219.869     119.55  
   475         75      144.597    120.097    202.197    111.096  
   475        100      141.603    118.959    197.499    110.962  
   475        125      159.025    131.764    225.596    122.268  
   475        150      150.953    125.742    212.565    115.475  
   475        175      156.934    130.341    218.158    120.782  
   475        200      166.524    137.251    235.033    127.403  
   475        225      186.193    152.909     264.38    142.767  
   475        250       218.8     175.083    310.335    161.827  
   475        275      236.458    196.675    335.076    173.099  
   475        300       289.32    230.278     410.98    214.125  
   475        325      376.643    314.285    524.053    276.602  
   475        350      551.545    456.803    794.752    411.559  
   475        375      1085.38    941.484    1550.38    779.462  
   500         0       140.356    115.503    195.771    106.858  
   500         25       137.35    114.047     192.25    106.855  
   500         50      147.837    122.979    203.779     114.75  
   500         75      146.399    122.369    206.001    112.916  
   500        100      150.497    126.913    210.105    115.956  
   500        125      145.448    119.965    203.686    111.437  
   500        150      143.142     121.08    202.329    111.943  
   500        175       152.97    127.999    213.728    118.379  
   500        200      149.338    121.634    207.712    114.479  
   500        225      162.986    138.477    228.738    126.019  
   500        250      186.287    152.478     261.27    143.484  
   500        275      209.171     170.56    297.068    162.486  
   500        300      232.666    185.228    330.675    169.405  
   500        325      292.881    240.426    417.131    213.877  
   500        350      379.722    314.288    526.864    276.156  
   500        375       537.51    445.156    715.882    377.943  
   500        400      1009.09    832.496     1536.2    700.107  
